% 02-Nov-2025 00:14:31, created by disp_th_moments.m 
 
\begin{center}
\begin{longtable}{lccccccccc} 
\caption{MATRIX OF CORRELATIONS}\\
 \label{Table:th_corr_matrix}\\
\toprule 
$Variables   $	 & 	 $           {y}$	 & 	 $           {c}$	 & 	 $           {i}$	 & 	 $        {\pi}$	 & 	 $      {\pi_H}$	 & 	 $      {\pi_F}$	 & 	 $   {\Delta e}$	 & 	 $         {nfa}$	 & 	 $          {mc}$\\
\midrule \endfirsthead 
\caption{(continued)}\\
 \toprule \\ 
$Variables   $	 & 	 $           {y}$	 & 	 $           {c}$	 & 	 $           {i}$	 & 	 $        {\pi}$	 & 	 $      {\pi_H}$	 & 	 $      {\pi_F}$	 & 	 $   {\Delta e}$	 & 	 $         {nfa}$	 & 	 $          {mc}$\\
\midrule \endhead 
\midrule \multicolumn{10}{r}{(Continued on next page)} \\ \bottomrule \endfoot 
\bottomrule \endlastfoot 
${y}         $	 & 	        1.0000	 & 	        0.4416	 & 	       -0.0617	 & 	        0.0028	 & 	        0.0234	 & 	       -0.0390	 & 	        0.0294	 & 	       -0.0247	 & 	        0.0365 \\ 
${c}         $	 & 	        0.4416	 & 	        1.0000	 & 	       -0.1640	 & 	       -0.0560	 & 	        0.0818	 & 	       -0.2556	 & 	       -0.0763	 & 	        0.1458	 & 	        0.2134 \\ 
${i}         $	 & 	       -0.0617	 & 	       -0.1640	 & 	        1.0000	 & 	        0.5908	 & 	        0.4549	 & 	        0.2187	 & 	        0.0914	 & 	       -0.0541	 & 	        0.0384 \\ 
${\pi}       $	 & 	        0.0028	 & 	       -0.0560	 & 	        0.5908	 & 	        1.0000	 & 	        0.8543	 & 	        0.2115	 & 	       -0.1034	 & 	       -0.0215	 & 	        0.7256 \\ 
${\pi_H}     $	 & 	        0.0234	 & 	        0.0818	 & 	        0.4549	 & 	        0.8543	 & 	        1.0000	 & 	       -0.3273	 & 	       -0.2122	 & 	        0.0792	 & 	        0.8693 \\ 
${\pi_F}     $	 & 	       -0.0390	 & 	       -0.2556	 & 	        0.2187	 & 	        0.2115	 & 	       -0.3273	 & 	        1.0000	 & 	        0.2111	 & 	       -0.1879	 & 	       -0.3155 \\ 
${\Delta e}  $	 & 	        0.0294	 & 	       -0.0763	 & 	        0.0914	 & 	       -0.1034	 & 	       -0.2122	 & 	        0.2111	 & 	        1.0000	 & 	       -0.0882	 & 	       -0.1726 \\ 
${nfa}       $	 & 	       -0.0247	 & 	        0.1458	 & 	       -0.0541	 & 	       -0.0215	 & 	        0.0792	 & 	       -0.1879	 & 	       -0.0882	 & 	        1.0000	 & 	        0.0008 \\ 
${mc}        $	 & 	        0.0365	 & 	        0.2134	 & 	        0.0384	 & 	        0.7256	 & 	        0.8693	 & 	       -0.3155	 & 	       -0.1726	 & 	        0.0008	 & 	        1.0000 \\ 
\end{longtable}
 \end{center}
% End of TeX file.
