% 03-Oct-2025 13:20:44, created by disp_th_moments.m 
 
\begin{center}
\begin{longtable}{lcccccccc} 
\caption{MATRIX OF CORRELATIONS}\\
 \label{Table:th_corr_matrix}\\
\toprule 
$Variables  $	 & 	 $         y$	 & 	 $         c$	 & 	 $      inve$	 & 	 $      pinf$	 & 	 $         r$	 & 	 $         w$	 & 	 $         k$	 & 	 $       lab$\\
\midrule \endfirsthead 
\caption{(continued)}\\
 \toprule \\ 
$Variables  $	 & 	 $         y$	 & 	 $         c$	 & 	 $      inve$	 & 	 $      pinf$	 & 	 $         r$	 & 	 $         w$	 & 	 $         k$	 & 	 $       lab$\\
\midrule \endhead 
\midrule \multicolumn{9}{r}{(Continued on next page)} \\ \bottomrule \endfoot 
\bottomrule \endlastfoot 
$y          $	 & 	    1.0000	 & 	    0.9749	 & 	    0.9451	 & 	    0.7648	 & 	    0.7590	 & 	    0.7162	 & 	    0.9481	 & 	    0.7189 \\ 
$c          $	 & 	    0.9749	 & 	    1.0000	 & 	    0.9126	 & 	    0.6204	 & 	    0.6377	 & 	    0.8296	 & 	    0.9639	 & 	    0.5693 \\ 
$inve       $	 & 	    0.9451	 & 	    0.9126	 & 	    1.0000	 & 	    0.7429	 & 	    0.7040	 & 	    0.6755	 & 	    0.9688	 & 	    0.6913 \\ 
$pinf       $	 & 	    0.7648	 & 	    0.6204	 & 	    0.7429	 & 	    1.0000	 & 	    0.9155	 & 	    0.1507	 & 	    0.6365	 & 	    0.9619 \\ 
$r          $	 & 	    0.7590	 & 	    0.6377	 & 	    0.7040	 & 	    0.9155	 & 	    1.0000	 & 	    0.1557	 & 	    0.6237	 & 	    0.9312 \\ 
$w          $	 & 	    0.7162	 & 	    0.8296	 & 	    0.6755	 & 	    0.1507	 & 	    0.1557	 & 	    1.0000	 & 	    0.7913	 & 	    0.0347 \\ 
$k          $	 & 	    0.9481	 & 	    0.9639	 & 	    0.9688	 & 	    0.6365	 & 	    0.6237	 & 	    0.7913	 & 	    1.0000	 & 	    0.5831 \\ 
$lab        $	 & 	    0.7189	 & 	    0.5693	 & 	    0.6913	 & 	    0.9619	 & 	    0.9312	 & 	    0.0347	 & 	    0.5831	 & 	    1.0000 \\ 
\end{longtable}
 \end{center}
% End of TeX file.
