% 03-Oct-2025 14:13:17, created by disp_th_moments.m 
 
\begin{center}
\begin{longtable}{lcccccccc} 
\caption{MATRIX OF CORRELATIONS}\\
 \label{Table:th_corr_matrix}\\
\toprule 
$Variables  $	 & 	 $         y$	 & 	 $         c$	 & 	 $      inve$	 & 	 $      pinf$	 & 	 $         r$	 & 	 $         w$	 & 	 $         k$	 & 	 $       lab$\\
\midrule \endfirsthead 
\caption{(continued)}\\
 \toprule \\ 
$Variables  $	 & 	 $         y$	 & 	 $         c$	 & 	 $      inve$	 & 	 $      pinf$	 & 	 $         r$	 & 	 $         w$	 & 	 $         k$	 & 	 $       lab$\\
\midrule \endhead 
\midrule \multicolumn{9}{r}{(Continued on next page)} \\ \bottomrule \endfoot 
\bottomrule \endlastfoot 
$y          $	 & 	    1.0000	 & 	    0.8265	 & 	    0.7883	 & 	   -0.3649	 & 	   -0.3592	 & 	    0.3749	 & 	    0.7471	 & 	    0.8194 \\ 
$c          $	 & 	    0.8265	 & 	    1.0000	 & 	    0.6627	 & 	   -0.4869	 & 	   -0.5545	 & 	    0.2396	 & 	    0.7888	 & 	    0.6916 \\ 
$inve       $	 & 	    0.7883	 & 	    0.6627	 & 	    1.0000	 & 	   -0.1965	 & 	   -0.1112	 & 	    0.4192	 & 	    0.6721	 & 	    0.6129 \\ 
$pinf       $	 & 	   -0.3649	 & 	   -0.4869	 & 	   -0.1965	 & 	    1.0000	 & 	    0.6608	 & 	    0.2015	 & 	   -0.2005	 & 	   -0.3307 \\ 
$r          $	 & 	   -0.3592	 & 	   -0.5545	 & 	   -0.1112	 & 	    0.6608	 & 	    1.0000	 & 	    0.0624	 & 	   -0.2239	 & 	   -0.2330 \\ 
$w          $	 & 	    0.3749	 & 	    0.2396	 & 	    0.4192	 & 	    0.2015	 & 	    0.0624	 & 	    1.0000	 & 	    0.6097	 & 	    0.0047 \\ 
$k          $	 & 	    0.7471	 & 	    0.7888	 & 	    0.6721	 & 	   -0.2005	 & 	   -0.2239	 & 	    0.6097	 & 	    1.0000	 & 	    0.4825 \\ 
$lab        $	 & 	    0.8194	 & 	    0.6916	 & 	    0.6129	 & 	   -0.3307	 & 	   -0.2330	 & 	    0.0047	 & 	    0.4825	 & 	    1.0000 \\ 
\end{longtable}
 \end{center}
% End of TeX file.
