% US data used for estimation
% Data from 1990:2-2011:1
% Data sources and construction: See appendix to "News Shocks under Financial Frictions" 
% by Christoph Gortz, John Tsoukalas and Francesco Zanetti 2021


series = [0.384446	-2.014774	-0.071888	2.296926	0.638947	0.561324	0.131330	1.103390	-0.016346	-0.046998	-0.821752
0.042695	-2.727051	-0.948610	1.407649	-0.141174	0.775767	0.369088	1.082976	0.048640	0.044423	-0.832156
-1.094963	-6.042735	-2.029777	0.638913	-0.831775	0.806226	0.233650	0.980839	0.276502	0.190088	-2.225791
-0.501977	-4.505147	-0.457359	-0.659478	0.001983	-0.067192	0.811052	0.657401	0.469949	0.313986	0.781911
0.278394	-0.931406	0.342811	-1.466382	0.989511	-0.016632	0.076259	0.518699	0.321900	0.225205	-1.311155
-0.325695	1.267512	-0.035935	-1.811432	0.044828	0.137094	0.239829	0.464479	0.364537	0.199084	-2.084209
-0.443405	0.878778	-0.379903	-2.223424	-0.019169	0.192204	-0.105454	0.260479	0.312719	0.228827	0.427015
0.847507	-0.794110	0.274845	-2.948605	0.762309	0.216921	-0.501572	0.064313	0.388736	0.258342	1.120688
0.040955	3.465065	0.522328	-2.756974	-0.207684	0.073552	0.171332	0.001591	0.202059	0.141974	1.448596
0.390220	0.558582	0.315397	-2.816183	0.520951	0.060151	0.184246	-0.125625	0.186040	0.172033	0.144341
0.465775	1.761862	0.424401	-2.461274	-0.572455	0.000265	0.176095	-0.180196	0.250002	0.128886	1.394475
-0.267314	0.938260	-0.237091	-1.867948	-0.642576	-0.119930	0.183320	-0.179369	0.166130	0.063310	1.309827
0.093046	0.826203	0.194159	-0.917794	-0.457858	-0.100239	0.399409	-0.189294	0.026301	-0.008692	0.494167
0.499433	-0.510914	0.205701	-0.702956	-0.148230	-0.338067	0.279094	-0.174406	-0.092785	-0.000191	0.624196
0.058428	3.230330	0.849604	-0.175490	-0.378369	-0.147906	0.410151	-0.191775	-0.035916	-0.017955	-0.132816
0.341465	2.664795	0.620717	-0.037184	0.475751	-0.257074	0.314600	-0.136371	-0.118492	-0.064200	-2.885930
0.154644	3.230499	0.904222	1.433715	-0.934209	-0.148814	0.301705	0.043685	-0.211284	-0.129653	-0.889587
0.182491	-1.665164	-0.043666	2.367495	-1.122041	0.156518	0.568003	0.178928	-0.264011	-0.177917	0.387953
0.002000	3.253777	0.612708	2.678310	-0.210393	-0.152753	0.139879	0.346901	-0.285686	-0.197314	-2.238760
-0.044098	-0.851961	-0.102560	3.192624	-0.055276	-0.112726	0.284769	0.505557	-0.252233	-0.186597	0.851164
0.263620	-2.211910	-0.418498	3.050993	-0.383977	0.005647	0.113264	0.557292	-0.202109	-0.145443	2.258987
0.051563	-0.458404	0.343833	3.844771	-0.188299	-0.142555	0.093486	0.502272	-0.133544	-0.090042	0.789573
-0.066906	1.486283	0.184591	3.651942	0.094776	-0.143627	-0.168778	0.483377	-0.156743	-0.111996	-0.147245
0.337603	0.380696	0.186216	3.271382	0.039497	-0.016398	-0.104443	0.395429	-0.105019	-0.064535	-0.171829
0.267453	3.512156	0.823806	3.861956	-0.153785	0.169355	-0.410876	0.365821	-0.194274	-0.146360	-0.501297
-0.015573	2.572511	0.151689	4.370562	-0.101191	-0.109094	-0.634677	0.381448	-0.213301	-0.170768	-1.775479
0.004769	-0.435734	0.267500	5.282479	-0.717429	0.186058	0.162589	0.374869	-0.221359	-0.183560	-1.176988
-0.074036	1.313658	0.062167	5.901015	-0.285314	-0.022152	0.215354	0.374046	-0.242412	-0.189019	2.547881
-0.007024	3.199929	0.866718	6.260645	0.081853	-0.224710	-1.339920	0.434892	-0.266433	-0.223715	0.599520
0.721213	1.781873	0.730291	6.578220	0.326444	-0.246795	-0.010311	0.437357	-0.264836	-0.214140	0.503637
0.308876	0.986535	0.141958	6.776323	1.007201	-0.174004	-0.372307	0.430782	-0.260285	-0.227321	-1.089265
0.451218	2.545537	0.516092	7.108785	1.468794	-0.506787	-0.624121	0.434070	-0.232723	-0.210256	1.354987
0.648237	0.058589	0.313998	7.300284	0.715376	-0.291440	-0.565062	0.429138	-0.215970	-0.204027	1.680786
0.496332	1.948703	0.732635	7.199352	0.815191	-0.171028	-0.328204	0.437357	-0.196937	-0.195644	0.224524
0.223560	3.125892	1.030742	8.261115	-0.360827	-0.198328	-0.175208	0.271183	-0.043674	-0.045196	0.467321
0.384776	1.130393	0.256422	7.903295	0.945318	-0.180993	-0.167147	0.239892	-0.062843	-0.050281	-0.032594
0.498556	0.539326	-0.050294	8.340422	-0.772765	0.061521	-0.516025	0.243186	-0.106867	-0.107448	-4.111682
0.393320	1.541119	0.475047	8.724598	-0.098311	0.005085	-0.201954	0.328799	-0.134569	-0.112457	-1.818894
0.788989	1.787995	0.890834	8.725317	1.106207	0.056413	-0.373345	0.381448	-0.117055	-0.102898	0.090149
-0.832828	-0.981541	-1.632498	7.735452	2.278749	0.422943	0.259847	0.472696	-0.175225	-0.137696	0.330778
0.757572	2.945035	1.412569	7.493204	-0.477626	-0.131379	0.011675	0.619667	-0.100451	-0.092318	0.520938
0.220344	-1.387234	-0.588605	7.171144	1.045502	0.094051	0.092229	0.680363	-0.055752	-0.053472	1.479378
0.232645	-0.689303	-0.100911	6.436025	-0.344848	0.004633	0.078375	0.668883	-0.069923	-0.022350	-0.697332
-0.357601	-3.756958	-0.958149	6.057851	1.120739	0.210586	-0.281613	0.452152	0.004614	0.045032	1.473176
-0.185526	-1.145652	0.179473	4.719030	-0.611372	-0.015229	-0.135761	0.139363	-0.040220	0.099022	-0.463618
-0.308548	-1.861401	-0.585620	3.249387	-0.040790	-0.550748	-0.007892	-0.066127	-0.073183	0.061254	1.380093
-0.112874	-1.436204	-0.016794	1.764897	0.585395	-0.531271	-0.355765	-0.404579	0.010332	0.150132	2.036766
-0.018582	0.721114	0.326748	0.629283	0.375136	-0.271459	-0.450188	-0.504098	-0.037198	0.116163	-0.719753
-0.131712	0.287453	-0.423743	0.590988	-0.282012	0.301888	-0.202328	-0.499949	-0.063085	0.048581	-2.812562
-0.279965	0.315903	-0.204288	0.000789	-0.374169	-0.015271	-0.255042	-0.502438	-0.013241	0.089614	0.338132
-0.043213	-1.488680	-0.565053	-0.205021	-0.422138	-0.022617	0.171266	-0.576311	0.118539	0.263410	1.899544
-0.464971	-1.299191	-0.794451	-1.482550	0.307797	0.336652	-0.083132	-0.624482	0.054330	0.186043	-1.139487
-0.127718	0.891066	0.363019	-2.069549	1.191443	-0.431025	-0.516726	-0.625313	0.017130	0.137147	-0.552446
0.350998	2.760951	0.811283	-2.240130	0.228167	0.221363	-0.191631	-0.682651	-0.054178	0.062122	-0.320040
-0.144467	1.570283	0.198366	-2.112604	-0.107236	-0.004297	0.123927	-0.687638	-0.091647	0.018079	-2.061107
0.545933	0.050857	0.364207	-1.733236	-1.696587	0.281904	0.669501	-0.685976	-0.141534	-0.073231	0.422641
-0.075723	2.118628	0.231199	-1.936781	0.280929	0.181892	0.651796	-0.684313	-0.138564	-0.061295	0.809671
0.066970	0.597337	0.141191	-1.679744	0.513047	0.141939	0.368882	-0.578802	-0.155841	-0.089025	7.899179
0.403751	0.936270	0.156125	-1.370766	-0.381221	0.244089	0.649893	-0.450180	-0.160394	-0.107694	0.850220
0.143025	0.705074	0.731301	-1.459449	-0.176801	0.025308	0.674610	-0.320894	-0.177713	-0.134069	-0.459777
0.102016	-1.109046	-0.103053	-1.109246	-0.348717	0.068401	0.604536	-0.203356	-0.167920	-0.144425	1.039564
-0.000462	0.182357	-0.129044	-1.247566	-0.236432	0.724405	0.574226	-0.075215	-0.132395	-0.111434	-2.139210
-0.028697	0.569031	-0.217450	-0.975830	-0.676833	0.348693	0.818189	0.053587	-0.146656	-0.151961	-0.464321
0.116607	1.374748	1.071635	-0.267877	0.539996	-0.149358	0.655443	0.171511	-0.122307	-0.149293	1.211437
0.038907	-1.091328	-0.150151	-0.358817	-0.748923	0.235856	0.398598	0.282709	-0.167659	-0.170230	-0.806892
-0.095507	-1.515176	-0.619324	-0.161725	-0.826027	0.222317	0.232370	0.366644	-0.177879	-0.178831	1.051983
0.284081	-2.423282	0.591829	-0.190295	2.008266	-0.621918	0.366061	0.366644	-0.162988	-0.155776	1.347134
-0.245168	-1.275605	-0.492442	-0.624618	-0.486724	0.498709	0.162889	0.369111	-0.194187	-0.164434	-0.286310
-0.305437	0.997193	0.090719	-0.537771	-0.948011	0.352371	-0.136539	0.367466	-0.189303	-0.164689	-3.048084
-0.271672	-1.104789	-0.155519	-1.166746	-0.308638	0.046870	-0.180922	0.323862	-0.200364	-0.169667	2.003919
-0.337317	-2.360646	-0.810567	-1.768410	0.091461	0.551086	-0.064984	0.181400	-0.081790	-0.080421	2.148702
-0.124809	-3.181383	-0.999669	-2.036729	-0.195398	0.432121	-0.278197	-0.145465	0.048133	0.011777	-1.746920
-0.455336	-2.419724	-0.788754	-2.708514	-1.602668	0.665344	0.258216	-0.416184	0.174962	0.145152	-2.792619
-1.223506	-4.190158	-1.618107	-4.141804	-0.719985	0.554040	0.280783	-0.452667	0.152510	0.116611	-6.732893
