% 19-Oct-2025 14:04:55, created by disp_th_moments.m 
 
\begin{center}
\begin{longtable}{lcccccccccccc} 
\caption{MATRIX OF CORRELATIONS}\\
 \label{Table:th_corr_matrix}\\
\toprule 
$Variables   $	 & 	 $           {y}$	 & 	 $           {c}$	 & 	 $           {i}$	 & 	 $        {\pi}$	 & 	 $           {r}$	 & 	 $           {w}$	 & 	 $       {k^{s}}$	 & 	 $           {l}$	 & 	 $           {q}$	 & 	 $           {n}$	 & 	 $    {r^{ktil}}$	 & 	 $          {OG}$\\
\midrule \endfirsthead 
\caption{(continued)}\\
 \toprule \\ 
$Variables   $	 & 	 $           {y}$	 & 	 $           {c}$	 & 	 $           {i}$	 & 	 $        {\pi}$	 & 	 $           {r}$	 & 	 $           {w}$	 & 	 $       {k^{s}}$	 & 	 $           {l}$	 & 	 $           {q}$	 & 	 $           {n}$	 & 	 $    {r^{ktil}}$	 & 	 $          {OG}$\\
\midrule \endhead 
\midrule \multicolumn{13}{r}{(Continued on next page)} \\ \bottomrule \endfoot 
\bottomrule \endlastfoot 
${y}         $	 & 	        1.0000	 & 	        0.9071	 & 	        0.7978	 & 	       -0.2717	 & 	       -0.2180	 & 	       -0.1386	 & 	        0.5288	 & 	        0.8258	 & 	       -0.3745	 & 	        0.0776	 & 	       -0.1696	 & 	        0.8831 \\ 
${c}         $	 & 	        0.9071	 & 	        1.0000	 & 	        0.7403	 & 	       -0.2121	 & 	       -0.2044	 & 	       -0.0344	 & 	        0.6100	 & 	        0.6749	 & 	       -0.4376	 & 	        0.1657	 & 	       -0.1335	 & 	        0.7967 \\ 
${i}         $	 & 	        0.7978	 & 	        0.7403	 & 	        1.0000	 & 	       -0.2355	 & 	       -0.1707	 & 	        0.0249	 & 	        0.6601	 & 	        0.4899	 & 	       -0.5838	 & 	        0.3183	 & 	       -0.1598	 & 	        0.5790 \\ 
${\pi}       $	 & 	       -0.2717	 & 	       -0.2121	 & 	       -0.2355	 & 	        1.0000	 & 	        0.8739	 & 	        0.8061	 & 	        0.2924	 & 	       -0.5063	 & 	       -0.0301	 & 	        0.3511	 & 	        0.7120	 & 	       -0.1757 \\ 
${r}         $	 & 	       -0.2180	 & 	       -0.2044	 & 	       -0.1707	 & 	        0.8739	 & 	        1.0000	 & 	        0.7490	 & 	        0.2713	 & 	       -0.4183	 & 	       -0.0435	 & 	        0.2901	 & 	        0.6040	 & 	       -0.1111 \\ 
${w}         $	 & 	       -0.1386	 & 	       -0.0344	 & 	        0.0249	 & 	        0.8061	 & 	        0.7490	 & 	        1.0000	 & 	        0.6501	 & 	       -0.5787	 & 	       -0.3635	 & 	        0.6125	 & 	        0.5690	 & 	       -0.2106 \\ 
${k^{s}}     $	 & 	        0.5288	 & 	        0.6100	 & 	        0.6601	 & 	        0.2924	 & 	        0.2713	 & 	        0.6501	 & 	        1.0000	 & 	       -0.0206	 & 	       -0.7629	 & 	        0.7009	 & 	        0.2148	 & 	        0.2546 \\ 
${l}         $	 & 	        0.8258	 & 	        0.6749	 & 	        0.4899	 & 	       -0.5063	 & 	       -0.4183	 & 	       -0.5787	 & 	       -0.0206	 & 	        1.0000	 & 	        0.0527	 & 	       -0.3575	 & 	       -0.3350	 & 	        0.8939 \\ 
${q}         $	 & 	       -0.3745	 & 	       -0.4376	 & 	       -0.5838	 & 	       -0.0301	 & 	       -0.0435	 & 	       -0.3635	 & 	       -0.7629	 & 	        0.0527	 & 	        1.0000	 & 	       -0.3794	 & 	       -0.0300	 & 	        0.0078 \\ 
${n}         $	 & 	        0.0776	 & 	        0.1657	 & 	        0.3183	 & 	        0.3511	 & 	        0.2901	 & 	        0.6125	 & 	        0.7009	 & 	       -0.3575	 & 	       -0.3794	 & 	        1.0000	 & 	        0.2589	 & 	       -0.1097 \\ 
${r^{ktil}}  $	 & 	       -0.1696	 & 	       -0.1335	 & 	       -0.1598	 & 	        0.7120	 & 	        0.6040	 & 	        0.5690	 & 	        0.2148	 & 	       -0.3350	 & 	       -0.0300	 & 	        0.2589	 & 	        1.0000	 & 	       -0.1132 \\ 
${OG}        $	 & 	        0.8831	 & 	        0.7967	 & 	        0.5790	 & 	       -0.1757	 & 	       -0.1111	 & 	       -0.2106	 & 	        0.2546	 & 	        0.8939	 & 	        0.0078	 & 	       -0.1097	 & 	       -0.1132	 & 	        1.0000 \\ 
\end{longtable}
 \end{center}
% End of TeX file.
