% 19-Oct-2025 13:16:15, created by disp_th_moments.m 
 
\begin{center}
\begin{longtable}{lcccccccccccc} 
\caption{MATRIX OF CORRELATIONS}\\
 \label{Table:th_corr_matrix}\\
\toprule 
$Variables   $	 & 	 $           {y}$	 & 	 $           {c}$	 & 	 $           {i}$	 & 	 $        {\pi}$	 & 	 $           {r}$	 & 	 $           {w}$	 & 	 $       {k^{s}}$	 & 	 $           {l}$	 & 	 $           {q}$	 & 	 $           {n}$	 & 	 $    {r^{ktil}}$	 & 	 $          {OG}$\\
\midrule \endfirsthead 
\caption{(continued)}\\
 \toprule \\ 
$Variables   $	 & 	 $           {y}$	 & 	 $           {c}$	 & 	 $           {i}$	 & 	 $        {\pi}$	 & 	 $           {r}$	 & 	 $           {w}$	 & 	 $       {k^{s}}$	 & 	 $           {l}$	 & 	 $           {q}$	 & 	 $           {n}$	 & 	 $    {r^{ktil}}$	 & 	 $          {OG}$\\
\midrule \endhead 
\midrule \multicolumn{13}{r}{(Continued on next page)} \\ \bottomrule \endfoot 
\bottomrule \endlastfoot 
${y}         $	 & 	        1.0000	 & 	        0.9712	 & 	        0.8865	 & 	        0.1858	 & 	        0.2021	 & 	        0.2148	 & 	        0.7377	 & 	        0.7943	 & 	       -0.3040	 & 	        0.4420	 & 	        0.1873	 & 	        0.9299 \\ 
${c}         $	 & 	        0.9712	 & 	        1.0000	 & 	        0.8422	 & 	        0.1708	 & 	        0.1612	 & 	        0.2187	 & 	        0.7473	 & 	        0.7469	 & 	       -0.3358	 & 	        0.4544	 & 	        0.1671	 & 	        0.9200 \\ 
${i}         $	 & 	        0.8865	 & 	        0.8422	 & 	        1.0000	 & 	        0.2678	 & 	        0.2908	 & 	        0.4037	 & 	        0.8073	 & 	        0.5599	 & 	       -0.4294	 & 	        0.5132	 & 	        0.2168	 & 	        0.7925 \\ 
${\pi}       $	 & 	        0.1858	 & 	        0.1708	 & 	        0.2678	 & 	        1.0000	 & 	        0.7961	 & 	        0.6805	 & 	        0.4593	 & 	       -0.1385	 & 	       -0.0093	 & 	        0.4916	 & 	        0.6478	 & 	        0.2775 \\ 
${r}         $	 & 	        0.2021	 & 	        0.1612	 & 	        0.2908	 & 	        0.7961	 & 	        1.0000	 & 	        0.5619	 & 	        0.3652	 & 	       -0.0251	 & 	       -0.0284	 & 	        0.3196	 & 	        0.5143	 & 	        0.2929 \\ 
${w}         $	 & 	        0.2148	 & 	        0.2187	 & 	        0.4037	 & 	        0.6805	 & 	        0.5619	 & 	        1.0000	 & 	        0.7521	 & 	       -0.3598	 & 	       -0.3462	 & 	        0.7019	 & 	        0.4024	 & 	        0.1792 \\ 
${k^{s}}     $	 & 	        0.7377	 & 	        0.7473	 & 	        0.8073	 & 	        0.4593	 & 	        0.3652	 & 	        0.7521	 & 	        1.0000	 & 	        0.1789	 & 	       -0.5810	 & 	        0.7724	 & 	        0.2891	 & 	        0.6004 \\ 
${l}         $	 & 	        0.7943	 & 	        0.7469	 & 	        0.5599	 & 	       -0.1385	 & 	       -0.0251	 & 	       -0.3598	 & 	        0.1789	 & 	        1.0000	 & 	        0.0805	 & 	       -0.0451	 & 	        0.0161	 & 	        0.8218 \\ 
${q}         $	 & 	       -0.3040	 & 	       -0.3358	 & 	       -0.4294	 & 	       -0.0093	 & 	       -0.0284	 & 	       -0.3462	 & 	       -0.5810	 & 	        0.0805	 & 	        1.0000	 & 	       -0.2654	 & 	       -0.0092	 & 	       -0.0095 \\ 
${n}         $	 & 	        0.4420	 & 	        0.4544	 & 	        0.5132	 & 	        0.4916	 & 	        0.3196	 & 	        0.7019	 & 	        0.7724	 & 	       -0.0451	 & 	       -0.2654	 & 	        1.0000	 & 	        0.2939	 & 	        0.3767 \\ 
${r^{ktil}}  $	 & 	        0.1873	 & 	        0.1671	 & 	        0.2168	 & 	        0.6478	 & 	        0.5143	 & 	        0.4024	 & 	        0.2891	 & 	        0.0161	 & 	       -0.0092	 & 	        0.2939	 & 	        1.0000	 & 	        0.2396 \\ 
${OG}        $	 & 	        0.9299	 & 	        0.9200	 & 	        0.7925	 & 	        0.2775	 & 	        0.2929	 & 	        0.1792	 & 	        0.6004	 & 	        0.8218	 & 	       -0.0095	 & 	        0.3767	 & 	        0.2396	 & 	        1.0000 \\ 
\end{longtable}
 \end{center}
% End of TeX file.
