% 06-Oct-2025 08:53:35, created by disp_th_moments.m 
 
\begin{center}
\begin{longtable}{lcccccccc} 
\caption{MATRIX OF CORRELATIONS}\\
 \label{Table:th_corr_matrix}\\
\toprule 
$Variables  $	 & 	 $         y$	 & 	 $         c$	 & 	 $      inve$	 & 	 $      pinf$	 & 	 $         r$	 & 	 $         w$	 & 	 $         k$	 & 	 $       lab$\\
\midrule \endfirsthead 
\caption{(continued)}\\
 \toprule \\ 
$Variables  $	 & 	 $         y$	 & 	 $         c$	 & 	 $      inve$	 & 	 $      pinf$	 & 	 $         r$	 & 	 $         w$	 & 	 $         k$	 & 	 $       lab$\\
\midrule \endhead 
\midrule \multicolumn{9}{r}{(Continued on next page)} \\ \bottomrule \endfoot 
\bottomrule \endlastfoot 
$y          $	 & 	    1.0000	 & 	    0.9058	 & 	    0.8775	 & 	    0.7938	 & 	    0.8132	 & 	    0.7211	 & 	    0.9605	 & 	    0.7774 \\ 
$c          $	 & 	    0.9058	 & 	    1.0000	 & 	    0.8632	 & 	    0.7349	 & 	    0.7746	 & 	    0.7301	 & 	    0.9210	 & 	    0.6554 \\ 
$inve       $	 & 	    0.8775	 & 	    0.8632	 & 	    1.0000	 & 	    0.7930	 & 	    0.7627	 & 	    0.6351	 & 	    0.9228	 & 	    0.7066 \\ 
$pinf       $	 & 	    0.7938	 & 	    0.7349	 & 	    0.7930	 & 	    1.0000	 & 	    0.9454	 & 	    0.2403	 & 	    0.7468	 & 	    0.9499 \\ 
$r          $	 & 	    0.8132	 & 	    0.7746	 & 	    0.7627	 & 	    0.9454	 & 	    1.0000	 & 	    0.2290	 & 	    0.7412	 & 	    0.9702 \\ 
$w          $	 & 	    0.7211	 & 	    0.7301	 & 	    0.6351	 & 	    0.2403	 & 	    0.2290	 & 	    1.0000	 & 	    0.7789	 & 	    0.1319 \\ 
$k          $	 & 	    0.9605	 & 	    0.9210	 & 	    0.9228	 & 	    0.7468	 & 	    0.7412	 & 	    0.7789	 & 	    1.0000	 & 	    0.6857 \\ 
$lab        $	 & 	    0.7774	 & 	    0.6554	 & 	    0.7066	 & 	    0.9499	 & 	    0.9702	 & 	    0.1319	 & 	    0.6857	 & 	    1.0000 \\ 
\end{longtable}
 \end{center}
% End of TeX file.
