% 12-Oct-2025 14:27:31, created by disp_th_moments.m 
 
\begin{center}
\begin{longtable}{lcccccccc} 
\caption{MATRIX OF CORRELATIONS}\\
 \label{Table:th_corr_matrix}\\
\toprule 
$Variables  $	 & 	 $        {y}$	 & 	 $        {c}$	 & 	 $        {i}$	 & 	 $     {\pi}$	 & 	 $        {r}$	 & 	 $        {w}$	 & 	 $    {k^{s}}$	 & 	 $        {l}$\\
\midrule \endfirsthead 
\caption{(continued)}\\
 \toprule \\ 
$Variables  $	 & 	 $        {y}$	 & 	 $        {c}$	 & 	 $        {i}$	 & 	 $     {\pi}$	 & 	 $        {r}$	 & 	 $        {w}$	 & 	 $    {k^{s}}$	 & 	 $        {l}$\\
\midrule \endhead 
\midrule \multicolumn{9}{r}{(Continued on next page)} \\ \bottomrule \endfoot 
\bottomrule \endlastfoot 
${y}        $	 & 	     1.0000	 & 	     0.9079	 & 	     0.8461	 & 	    -0.0564	 & 	    -0.1953	 & 	     0.3936	 & 	     0.7589	 & 	     0.7962 \\ 
${c}        $	 & 	     0.9079	 & 	     1.0000	 & 	     0.7613	 & 	    -0.1995	 & 	    -0.3938	 & 	     0.2624	 & 	     0.8116	 & 	     0.7347 \\ 
${i}        $	 & 	     0.8461	 & 	     0.7613	 & 	     1.0000	 & 	     0.0346	 & 	    -0.0309	 & 	     0.4419	 & 	     0.6687	 & 	     0.6458 \\ 
${\pi}      $	 & 	    -0.0564	 & 	    -0.1995	 & 	     0.0346	 & 	     1.0000	 & 	     0.5836	 & 	     0.4152	 & 	    -0.0467	 & 	     0.0602 \\ 
${r}        $	 & 	    -0.1953	 & 	    -0.3938	 & 	    -0.0309	 & 	     0.5836	 & 	     1.0000	 & 	     0.1321	 & 	    -0.1894	 & 	     0.0006 \\ 
${w}        $	 & 	     0.3936	 & 	     0.2624	 & 	     0.4419	 & 	     0.4152	 & 	     0.1321	 & 	     1.0000	 & 	     0.5753	 & 	     0.0631 \\ 
${k^{s}}    $	 & 	     0.7589	 & 	     0.8116	 & 	     0.6687	 & 	    -0.0467	 & 	    -0.1894	 & 	     0.5753	 & 	     1.0000	 & 	     0.4318 \\ 
${l}        $	 & 	     0.7962	 & 	     0.7347	 & 	     0.6458	 & 	     0.0602	 & 	     0.0006	 & 	     0.0631	 & 	     0.4318	 & 	     1.0000 \\ 
\end{longtable}
 \end{center}
% End of TeX file.
