% 02-Nov-2025 00:22:42, created by disp_th_moments.m 
 
\begin{center}
\begin{longtable}{lccccccccc} 
\caption{MATRIX OF CORRELATIONS}\\
 \label{Table:th_corr_matrix}\\
\toprule 
$Variables   $	 & 	 $           {y}$	 & 	 $           {c}$	 & 	 $           {i}$	 & 	 $        {\pi}$	 & 	 $      {\pi_H}$	 & 	 $      {\pi_F}$	 & 	 $   {\Delta e}$	 & 	 $         {nfa}$	 & 	 $          {mc}$\\
\midrule \endfirsthead 
\caption{(continued)}\\
 \toprule \\ 
$Variables   $	 & 	 $           {y}$	 & 	 $           {c}$	 & 	 $           {i}$	 & 	 $        {\pi}$	 & 	 $      {\pi_H}$	 & 	 $      {\pi_F}$	 & 	 $   {\Delta e}$	 & 	 $         {nfa}$	 & 	 $          {mc}$\\
\midrule \endhead 
\midrule \multicolumn{10}{r}{(Continued on next page)} \\ \bottomrule \endfoot 
\bottomrule \endlastfoot 
${y}         $	 & 	        1.0000	 & 	        0.4429	 & 	       -0.1231	 & 	       -0.0575	 & 	       -0.0472	 & 	       -0.0155	 & 	        0.0504	 & 	       -0.0318	 & 	        0.0626 \\ 
${c}         $	 & 	        0.4429	 & 	        1.0000	 & 	       -0.1605	 & 	       -0.0847	 & 	        0.0577	 & 	       -0.2536	 & 	       -0.0688	 & 	        0.1106	 & 	        0.1408 \\ 
${i}         $	 & 	       -0.1231	 & 	       -0.1605	 & 	        1.0000	 & 	        0.6368	 & 	        0.4969	 & 	        0.2173	 & 	        0.0642	 & 	       -0.0360	 & 	        0.0192 \\ 
${\pi}       $	 & 	       -0.0575	 & 	       -0.0847	 & 	        0.6368	 & 	        1.0000	 & 	        0.8438	 & 	        0.2261	 & 	        0.1429	 & 	       -0.0293	 & 	        0.6873 \\ 
${\pi_H}     $	 & 	       -0.0472	 & 	        0.0577	 & 	        0.4969	 & 	        0.8438	 & 	        1.0000	 & 	       -0.3320	 & 	        0.0108	 & 	        0.0760	 & 	        0.8268 \\ 
${\pi_F}     $	 & 	       -0.0155	 & 	       -0.2536	 & 	        0.2173	 & 	        0.2261	 & 	       -0.3320	 & 	        1.0000	 & 	        0.2317	 & 	       -0.1893	 & 	       -0.2928 \\ 
${\Delta e}  $	 & 	        0.0504	 & 	       -0.0688	 & 	        0.0642	 & 	        0.1429	 & 	        0.0108	 & 	        0.2317	 & 	        1.0000	 & 	       -0.0952	 & 	        0.1274 \\ 
${nfa}       $	 & 	       -0.0318	 & 	        0.1106	 & 	       -0.0360	 & 	       -0.0293	 & 	        0.0760	 & 	       -0.1893	 & 	       -0.0952	 & 	        1.0000	 & 	       -0.0014 \\ 
${mc}        $	 & 	        0.0626	 & 	        0.1408	 & 	        0.0192	 & 	        0.6873	 & 	        0.8268	 & 	       -0.2928	 & 	        0.1274	 & 	       -0.0014	 & 	        1.0000 \\ 
\end{longtable}
 \end{center}
% End of TeX file.
