% 02-Nov-2025 00:28:08, created by disp_th_moments.m 
 
\begin{center}
\begin{longtable}{lccccccccc} 
\caption{MATRIX OF CORRELATIONS}\\
 \label{Table:th_corr_matrix}\\
\toprule 
$Variables   $	 & 	 $           {y}$	 & 	 $           {c}$	 & 	 $           {i}$	 & 	 $        {\pi}$	 & 	 $      {\pi_H}$	 & 	 $      {\pi_F}$	 & 	 $   {\Delta e}$	 & 	 $         {nfa}$	 & 	 $          {mc}$\\
\midrule \endfirsthead 
\caption{(continued)}\\
 \toprule \\ 
$Variables   $	 & 	 $           {y}$	 & 	 $           {c}$	 & 	 $           {i}$	 & 	 $        {\pi}$	 & 	 $      {\pi_H}$	 & 	 $      {\pi_F}$	 & 	 $   {\Delta e}$	 & 	 $         {nfa}$	 & 	 $          {mc}$\\
\midrule \endhead 
\midrule \multicolumn{10}{r}{(Continued on next page)} \\ \bottomrule \endfoot 
\bottomrule \endlastfoot 
${y}         $	 & 	        1.0000	 & 	        0.5248	 & 	       -0.1719	 & 	       -0.0350	 & 	       -0.0386	 & 	        0.0085	 & 	        0.0649	 & 	       -0.0533	 & 	        0.0666 \\ 
${c}         $	 & 	        0.5248	 & 	        1.0000	 & 	       -0.2693	 & 	       -0.0862	 & 	        0.0948	 & 	       -0.3142	 & 	       -0.1284	 & 	        0.0318	 & 	        0.1863 \\ 
${i}         $	 & 	       -0.1719	 & 	       -0.2693	 & 	        1.0000	 & 	        0.4069	 & 	        0.2907	 & 	        0.1799	 & 	        0.0332	 & 	        0.0599	 & 	       -0.0156 \\ 
${\pi}       $	 & 	       -0.0350	 & 	       -0.0862	 & 	        0.4069	 & 	        1.0000	 & 	        0.8343	 & 	        0.2306	 & 	        0.1672	 & 	        0.0119	 & 	        0.7944 \\ 
${\pi_H}     $	 & 	       -0.0386	 & 	        0.0948	 & 	        0.2907	 & 	        0.8343	 & 	        1.0000	 & 	       -0.3440	 & 	        0.0145	 & 	        0.1138	 & 	        0.9142 \\ 
${\pi_F}     $	 & 	        0.0085	 & 	       -0.3142	 & 	        0.1799	 & 	        0.2306	 & 	       -0.3440	 & 	        1.0000	 & 	        0.2593	 & 	       -0.1806	 & 	       -0.2607 \\ 
${\Delta e}  $	 & 	        0.0649	 & 	       -0.1284	 & 	        0.0332	 & 	        0.1672	 & 	        0.0145	 & 	        0.2593	 & 	        1.0000	 & 	       -0.0974	 & 	        0.1240 \\ 
${nfa}       $	 & 	       -0.0533	 & 	        0.0318	 & 	        0.0599	 & 	        0.0119	 & 	        0.1138	 & 	       -0.1806	 & 	       -0.0974	 & 	        1.0000	 & 	       -0.0103 \\ 
${mc}        $	 & 	        0.0666	 & 	        0.1863	 & 	       -0.0156	 & 	        0.7944	 & 	        0.9142	 & 	       -0.2607	 & 	        0.1240	 & 	       -0.0103	 & 	        1.0000 \\ 
\end{longtable}
 \end{center}
% End of TeX file.
