% 12-Oct-2025 12:57:33, created by disp_th_moments.m 
 
\begin{center}
\begin{longtable}{lcccccccc} 
\caption{MATRIX OF CORRELATIONS}\\
 \label{Table:th_corr_matrix}\\
\toprule 
$Variables  $	 & 	 $        {y}$	 & 	 $        {c}$	 & 	 $        {i}$	 & 	 $     {\pi}$	 & 	 $        {r}$	 & 	 $        {w}$	 & 	 $    {k^{s}}$	 & 	 $        {l}$\\
\midrule \endfirsthead 
\caption{(continued)}\\
 \toprule \\ 
$Variables  $	 & 	 $        {y}$	 & 	 $        {c}$	 & 	 $        {i}$	 & 	 $     {\pi}$	 & 	 $        {r}$	 & 	 $        {w}$	 & 	 $    {k^{s}}$	 & 	 $        {l}$\\
\midrule \endhead 
\midrule \multicolumn{9}{r}{(Continued on next page)} \\ \bottomrule \endfoot 
\bottomrule \endlastfoot 
${y}        $	 & 	     1.0000	 & 	     0.5493	 & 	     0.7998	 & 	    -0.0239	 & 	     0.0764	 & 	     0.3051	 & 	     0.6782	 & 	     0.8685 \\ 
${c}        $	 & 	     0.5493	 & 	     1.0000	 & 	     0.1912	 & 	    -0.2407	 & 	    -0.3022	 & 	     0.2816	 & 	     0.6138	 & 	     0.3721 \\ 
${i}        $	 & 	     0.7998	 & 	     0.1912	 & 	     1.0000	 & 	     0.1112	 & 	     0.2915	 & 	     0.2920	 & 	     0.6727	 & 	     0.6910 \\ 
${\pi}      $	 & 	    -0.0239	 & 	    -0.2407	 & 	     0.1112	 & 	     1.0000	 & 	     0.6251	 & 	     0.3018	 & 	     0.0729	 & 	     0.0164 \\ 
${r}        $	 & 	     0.0764	 & 	    -0.3022	 & 	     0.2915	 & 	     0.6251	 & 	     1.0000	 & 	     0.2133	 & 	     0.1539	 & 	     0.1395 \\ 
${w}        $	 & 	     0.3051	 & 	     0.2816	 & 	     0.2920	 & 	     0.3018	 & 	     0.2133	 & 	     1.0000	 & 	     0.6642	 & 	    -0.0359 \\ 
${k^{s}}    $	 & 	     0.6782	 & 	     0.6138	 & 	     0.6727	 & 	     0.0729	 & 	     0.1539	 & 	     0.6642	 & 	     1.0000	 & 	     0.3847 \\ 
${l}        $	 & 	     0.8685	 & 	     0.3721	 & 	     0.6910	 & 	     0.0164	 & 	     0.1395	 & 	    -0.0359	 & 	     0.3847	 & 	     1.0000 \\ 
\end{longtable}
 \end{center}
% End of TeX file.
