% 10-Oct-2025 13:25:53, created by disp_th_moments.m 
 
\begin{center}
\begin{longtable}{lcccccccc} 
\caption{MATRIX OF CORRELATIONS}\\
 \label{Table:th_corr_matrix}\\
\toprule 
$Variables  $	 & 	 $        {y}$	 & 	 $        {c}$	 & 	 $        {i}$	 & 	 $     {\pi}$	 & 	 $        {r}$	 & 	 $        {w}$	 & 	 $    {k^{s}}$	 & 	 $        {l}$\\
\midrule \endfirsthead 
\caption{(continued)}\\
 \toprule \\ 
$Variables  $	 & 	 $        {y}$	 & 	 $        {c}$	 & 	 $        {i}$	 & 	 $     {\pi}$	 & 	 $        {r}$	 & 	 $        {w}$	 & 	 $    {k^{s}}$	 & 	 $        {l}$\\
\midrule \endhead 
\midrule \multicolumn{9}{r}{(Continued on next page)} \\ \bottomrule \endfoot 
\bottomrule \endlastfoot 
${y}        $	 & 	     1.0000	 & 	     0.8376	 & 	     0.8419	 & 	    -0.3750	 & 	    -0.3068	 & 	     0.4695	 & 	     0.7107	 & 	     0.6903 \\ 
${c}        $	 & 	     0.8376	 & 	     1.0000	 & 	     0.7681	 & 	    -0.3825	 & 	    -0.4531	 & 	     0.4379	 & 	     0.7950	 & 	     0.4982 \\ 
${i}        $	 & 	     0.8419	 & 	     0.7681	 & 	     1.0000	 & 	    -0.3393	 & 	    -0.1425	 & 	     0.4351	 & 	     0.6244	 & 	     0.6075 \\ 
${\pi}      $	 & 	    -0.3750	 & 	    -0.3825	 & 	    -0.3393	 & 	     1.0000	 & 	     0.5634	 & 	     0.0180	 & 	    -0.1531	 & 	    -0.3232 \\ 
${r}        $	 & 	    -0.3068	 & 	    -0.4531	 & 	    -0.1425	 & 	     0.5634	 & 	     1.0000	 & 	    -0.0895	 & 	    -0.1982	 & 	    -0.0480 \\ 
${w}        $	 & 	     0.4695	 & 	     0.4379	 & 	     0.4351	 & 	     0.0180	 & 	    -0.0895	 & 	     1.0000	 & 	     0.6678	 & 	     0.0515 \\ 
${k^{s}}    $	 & 	     0.7107	 & 	     0.7950	 & 	     0.6244	 & 	    -0.1531	 & 	    -0.1982	 & 	     0.6678	 & 	     1.0000	 & 	     0.2385 \\ 
${l}        $	 & 	     0.6903	 & 	     0.4982	 & 	     0.6075	 & 	    -0.3232	 & 	    -0.0480	 & 	     0.0515	 & 	     0.2385	 & 	     1.0000 \\ 
\end{longtable}
 \end{center}
% End of TeX file.
