% 21-Oct-2025 16:17:16, created by disp_th_moments.m 
 
\begin{center}
\begin{longtable}{lccccccccc} 
\caption{MATRIX OF CORRELATIONS}\\
 \label{Table:th_corr_matrix}\\
\toprule 
$Variables  $	 & 	 $         {y}$	 & 	 $      {\pi}$	 & 	 $         {R}$	 & 	 $         {u}$	 & 	 $         {v}$	 & 	 $   {\Psi^L}$	 & 	 $         {h}$	 & 	 $         {w}$	 & 	 $    {\pi_w}$\\
\midrule \endfirsthead 
\caption{(continued)}\\
 \toprule \\ 
$Variables  $	 & 	 $         {y}$	 & 	 $      {\pi}$	 & 	 $         {R}$	 & 	 $         {u}$	 & 	 $         {v}$	 & 	 $   {\Psi^L}$	 & 	 $         {h}$	 & 	 $         {w}$	 & 	 $    {\pi_w}$\\
\midrule \endhead 
\midrule \multicolumn{10}{r}{(Continued on next page)} \\ \bottomrule \endfoot 
\bottomrule \endlastfoot 
${y}        $	 & 	      1.0000	 & 	     -0.0233	 & 	      0.3599	 & 	      0.0165	 & 	     -0.2504	 & 	      0.5750	 & 	      0.4073	 & 	      0.1256	 & 	     -0.4050 \\ 
${\pi}      $	 & 	     -0.0233	 & 	      1.0000	 & 	      0.0465	 & 	     -0.1650	 & 	      0.2562	 & 	      0.7259	 & 	      0.6272	 & 	     -0.1331	 & 	      0.4082 \\ 
${R}        $	 & 	      0.3599	 & 	      0.0465	 & 	      1.0000	 & 	      0.6924	 & 	     -0.7219	 & 	      0.3604	 & 	      0.3334	 & 	     -0.1227	 & 	     -0.4975 \\ 
${u}        $	 & 	      0.0165	 & 	     -0.1650	 & 	      0.6924	 & 	      1.0000	 & 	     -0.7395	 & 	      0.0116	 & 	      0.0504	 & 	     -0.1062	 & 	     -0.5682 \\ 
${v}        $	 & 	     -0.2504	 & 	      0.2562	 & 	     -0.7219	 & 	     -0.7395	 & 	      1.0000	 & 	     -0.0994	 & 	     -0.1466	 & 	      0.1749	 & 	      0.5916 \\ 
${\Psi^L}   $	 & 	      0.5750	 & 	      0.7259	 & 	      0.3604	 & 	      0.0116	 & 	     -0.0994	 & 	      1.0000	 & 	      0.9322	 & 	     -0.3591	 & 	      0.1982 \\ 
${h}        $	 & 	      0.4073	 & 	      0.6272	 & 	      0.3334	 & 	      0.0504	 & 	     -0.1466	 & 	      0.9322	 & 	      1.0000	 & 	     -0.6724	 & 	      0.4032 \\ 
${w}        $	 & 	      0.1256	 & 	     -0.1331	 & 	     -0.1227	 & 	     -0.1062	 & 	      0.1749	 & 	     -0.3591	 & 	     -0.6724	 & 	      1.0000	 & 	     -0.6347 \\ 
${\pi_w}    $	 & 	     -0.4050	 & 	      0.4082	 & 	     -0.4975	 & 	     -0.5682	 & 	      0.5916	 & 	      0.1982	 & 	      0.4032	 & 	     -0.6347	 & 	      1.0000 \\ 
\end{longtable}
 \end{center}
% End of TeX file.
