% 22-Oct-2025 13:23:34, created by disp_th_moments.m 
 
\begin{center}
\begin{longtable}{lccccccccc} 
\caption{MATRIX OF CORRELATIONS}\\
 \label{Table:th_corr_matrix}\\
\toprule 
$Variables  $	 & 	 $         {y}$	 & 	 $      {\pi}$	 & 	 $         {R}$	 & 	 $         {u}$	 & 	 $         {v}$	 & 	 $   {\Psi^L}$	 & 	 $         {h}$	 & 	 $         {w}$	 & 	 $    {\pi_w}$\\
\midrule \endfirsthead 
\caption{(continued)}\\
 \toprule \\ 
$Variables  $	 & 	 $         {y}$	 & 	 $      {\pi}$	 & 	 $         {R}$	 & 	 $         {u}$	 & 	 $         {v}$	 & 	 $   {\Psi^L}$	 & 	 $         {h}$	 & 	 $         {w}$	 & 	 $    {\pi_w}$\\
\midrule \endhead 
\midrule \multicolumn{10}{r}{(Continued on next page)} \\ \bottomrule \endfoot 
\bottomrule \endlastfoot 
${y}        $	 & 	      1.0000	 & 	     -0.0180	 & 	      0.3580	 & 	     -0.1890	 & 	      0.1276	 & 	      0.5698	 & 	      0.4005	 & 	      0.1254	 & 	     -0.3349 \\ 
${\pi}      $	 & 	     -0.0180	 & 	      1.0000	 & 	      0.0535	 & 	     -0.2439	 & 	      0.4302	 & 	      0.7315	 & 	      0.6269	 & 	     -0.1259	 & 	      0.4202 \\ 
${R}        $	 & 	      0.3580	 & 	      0.0535	 & 	      1.0000	 & 	      0.4625	 & 	     -0.5318	 & 	      0.3531	 & 	      0.3247	 & 	     -0.1169	 & 	     -0.4938 \\ 
${u}        $	 & 	     -0.1890	 & 	     -0.2439	 & 	      0.4625	 & 	      1.0000	 & 	     -0.5559	 & 	     -0.2002	 & 	     -0.1479	 & 	     -0.0258	 & 	     -0.5317 \\ 
${v}        $	 & 	      0.1276	 & 	      0.4302	 & 	     -0.5318	 & 	     -0.5559	 & 	      1.0000	 & 	      0.2898	 & 	      0.1738	 & 	      0.1399	 & 	      0.5446 \\ 
${\Psi^L}   $	 & 	      0.5698	 & 	      0.7315	 & 	      0.3531	 & 	     -0.2002	 & 	      0.2898	 & 	      1.0000	 & 	      0.9302	 & 	     -0.3583	 & 	      0.2558 \\ 
${h}        $	 & 	      0.4005	 & 	      0.6269	 & 	      0.3247	 & 	     -0.1479	 & 	      0.1738	 & 	      0.9302	 & 	      1.0000	 & 	     -0.6759	 & 	      0.4490 \\ 
${w}        $	 & 	      0.1254	 & 	     -0.1259	 & 	     -0.1169	 & 	     -0.0258	 & 	      0.1399	 & 	     -0.3583	 & 	     -0.6759	 & 	      1.0000	 & 	     -0.6286 \\ 
${\pi_w}    $	 & 	     -0.3349	 & 	      0.4202	 & 	     -0.4938	 & 	     -0.5317	 & 	      0.5446	 & 	      0.2558	 & 	      0.4490	 & 	     -0.6286	 & 	      1.0000 \\ 
\end{longtable}
 \end{center}
% End of TeX file.
