% 12-Oct-2025 00:09:47, created by disp_th_moments.m 
 
\begin{center}
\begin{longtable}{lcccccccc} 
\caption{MATRIX OF CORRELATIONS}\\
 \label{Table:th_corr_matrix}\\
\toprule 
$Variables  $	 & 	 $        {y}$	 & 	 $        {c}$	 & 	 $        {i}$	 & 	 $     {\pi}$	 & 	 $        {r}$	 & 	 $        {w}$	 & 	 $    {k^{s}}$	 & 	 $        {l}$\\
\midrule \endfirsthead 
\caption{(continued)}\\
 \toprule \\ 
$Variables  $	 & 	 $        {y}$	 & 	 $        {c}$	 & 	 $        {i}$	 & 	 $     {\pi}$	 & 	 $        {r}$	 & 	 $        {w}$	 & 	 $    {k^{s}}$	 & 	 $        {l}$\\
\midrule \endhead 
\midrule \multicolumn{9}{r}{(Continued on next page)} \\ \bottomrule \endfoot 
\bottomrule \endlastfoot 
${y}        $	 & 	     1.0000	 & 	     0.8188	 & 	     0.8156	 & 	    -0.3027	 & 	    -0.2869	 & 	     0.4179	 & 	     0.7390	 & 	     0.7727 \\ 
${c}        $	 & 	     0.8188	 & 	     1.0000	 & 	     0.7119	 & 	    -0.4345	 & 	    -0.5015	 & 	     0.2812	 & 	     0.7875	 & 	     0.6300 \\ 
${i}        $	 & 	     0.8156	 & 	     0.7119	 & 	     1.0000	 & 	    -0.1726	 & 	    -0.0810	 & 	     0.4510	 & 	     0.6886	 & 	     0.6071 \\ 
${\pi}      $	 & 	    -0.3027	 & 	    -0.4345	 & 	    -0.1726	 & 	     1.0000	 & 	     0.6466	 & 	     0.2195	 & 	    -0.1482	 & 	    -0.2697 \\ 
${r}        $	 & 	    -0.2869	 & 	    -0.5015	 & 	    -0.0810	 & 	     0.6466	 & 	     1.0000	 & 	     0.0889	 & 	    -0.1790	 & 	    -0.1469 \\ 
${w}        $	 & 	     0.4179	 & 	     0.2812	 & 	     0.4510	 & 	     0.2195	 & 	     0.0889	 & 	     1.0000	 & 	     0.6492	 & 	    -0.0000 \\ 
${k^{s}}    $	 & 	     0.7390	 & 	     0.7875	 & 	     0.6886	 & 	    -0.1482	 & 	    -0.1790	 & 	     0.6492	 & 	     1.0000	 & 	     0.4046 \\ 
${l}        $	 & 	     0.7727	 & 	     0.6300	 & 	     0.6071	 & 	    -0.2697	 & 	    -0.1469	 & 	    -0.0000	 & 	     0.4046	 & 	     1.0000 \\ 
\end{longtable}
 \end{center}
% End of TeX file.
