% 02-Nov-2025 12:02:39, created by disp_th_moments.m 
 
\begin{center}
\begin{longtable}{lccccccccc} 
\caption{MATRIX OF CORRELATIONS}\\
 \label{Table:th_corr_matrix}\\
\toprule 
$Variables   $	 & 	 $           {y}$	 & 	 $           {c}$	 & 	 $           {i}$	 & 	 $        {\pi}$	 & 	 $      {\pi_H}$	 & 	 $      {\pi_F}$	 & 	 $   {\Delta e}$	 & 	 $         {nfa}$	 & 	 $          {mc}$\\
\midrule \endfirsthead 
\caption{(continued)}\\
 \toprule \\ 
$Variables   $	 & 	 $           {y}$	 & 	 $           {c}$	 & 	 $           {i}$	 & 	 $        {\pi}$	 & 	 $      {\pi_H}$	 & 	 $      {\pi_F}$	 & 	 $   {\Delta e}$	 & 	 $         {nfa}$	 & 	 $          {mc}$\\
\midrule \endhead 
\midrule \multicolumn{10}{r}{(Continued on next page)} \\ \bottomrule \endfoot 
\bottomrule \endlastfoot 
${y}         $	 & 	        1.0000	 & 	        0.5551	 & 	       -0.2002	 & 	       -0.0775	 & 	       -0.0762	 & 	        0.0028	 & 	        0.0541	 & 	       -0.0536	 & 	        0.0482 \\ 
${c}         $	 & 	        0.5551	 & 	        1.0000	 & 	       -0.3137	 & 	       -0.1272	 & 	        0.0702	 & 	       -0.3232	 & 	       -0.1339	 & 	        0.0182	 & 	        0.2000 \\ 
${i}         $	 & 	       -0.2002	 & 	       -0.3137	 & 	        1.0000	 & 	        0.4207	 & 	        0.2959	 & 	        0.1824	 & 	        0.0311	 & 	        0.0783	 & 	       -0.0194 \\ 
${\pi}       $	 & 	       -0.0775	 & 	       -0.1272	 & 	        0.4207	 & 	        1.0000	 & 	        0.8164	 & 	        0.2439	 & 	        0.1670	 & 	        0.0188	 & 	        0.7714 \\ 
${\pi_H}     $	 & 	       -0.0762	 & 	        0.0702	 & 	        0.2959	 & 	        0.8164	 & 	        1.0000	 & 	       -0.3609	 & 	       -0.0383	 & 	        0.1286	 & 	        0.9093 \\ 
${\pi_F}     $	 & 	        0.0028	 & 	       -0.3232	 & 	        0.1824	 & 	        0.2439	 & 	       -0.3609	 & 	        1.0000	 & 	        0.3339	 & 	       -0.1857	 & 	       -0.2813 \\ 
${\Delta e}  $	 & 	        0.0541	 & 	       -0.1339	 & 	        0.0311	 & 	        0.1670	 & 	       -0.0383	 & 	        0.3339	 & 	        1.0000	 & 	       -0.1048	 & 	        0.0812 \\ 
${nfa}       $	 & 	       -0.0536	 & 	        0.0182	 & 	        0.0783	 & 	        0.0188	 & 	        0.1286	 & 	       -0.1857	 & 	       -0.1048	 & 	        1.0000	 & 	       -0.0093 \\ 
${mc}        $	 & 	        0.0482	 & 	        0.2000	 & 	       -0.0194	 & 	        0.7714	 & 	        0.9093	 & 	       -0.2813	 & 	        0.0812	 & 	       -0.0093	 & 	        1.0000 \\ 
\end{longtable}
 \end{center}
% End of TeX file.
