% 02-Nov-2025 00:17:37, created by disp_th_moments.m 
 
\begin{center}
\begin{longtable}{lccccccccc} 
\caption{MATRIX OF CORRELATIONS}\\
 \label{Table:th_corr_matrix}\\
\toprule 
$Variables   $	 & 	 $           {y}$	 & 	 $           {c}$	 & 	 $           {i}$	 & 	 $        {\pi}$	 & 	 $      {\pi_H}$	 & 	 $      {\pi_F}$	 & 	 $   {\Delta e}$	 & 	 $         {nfa}$	 & 	 $          {mc}$\\
\midrule \endfirsthead 
\caption{(continued)}\\
 \toprule \\ 
$Variables   $	 & 	 $           {y}$	 & 	 $           {c}$	 & 	 $           {i}$	 & 	 $        {\pi}$	 & 	 $      {\pi_H}$	 & 	 $      {\pi_F}$	 & 	 $   {\Delta e}$	 & 	 $         {nfa}$	 & 	 $          {mc}$\\
\midrule \endhead 
\midrule \multicolumn{10}{r}{(Continued on next page)} \\ \bottomrule \endfoot 
\bottomrule \endlastfoot 
${y}         $	 & 	        1.0000	 & 	        0.4781	 & 	       -0.0523	 & 	        0.0184	 & 	        0.0323	 & 	       -0.0257	 & 	        0.0545	 & 	       -0.0280	 & 	        0.0138 \\ 
${c}         $	 & 	        0.4781	 & 	        1.0000	 & 	       -0.1855	 & 	       -0.0677	 & 	        0.0713	 & 	       -0.2572	 & 	       -0.0665	 & 	        0.1480	 & 	        0.2253 \\ 
${i}         $	 & 	       -0.0523	 & 	       -0.1855	 & 	        1.0000	 & 	        0.5780	 & 	        0.4541	 & 	        0.2280	 & 	        0.0922	 & 	       -0.0572	 & 	        0.0518 \\ 
${\pi}       $	 & 	        0.0184	 & 	       -0.0677	 & 	        0.5780	 & 	        1.0000	 & 	        0.8539	 & 	        0.2681	 & 	       -0.1277	 & 	       -0.0320	 & 	        0.7238 \\ 
${\pi_H}     $	 & 	        0.0323	 & 	        0.0713	 & 	        0.4541	 & 	        0.8539	 & 	        1.0000	 & 	       -0.2724	 & 	       -0.2417	 & 	        0.0759	 & 	        0.8768 \\ 
${\pi_F}     $	 & 	       -0.0257	 & 	       -0.2572	 & 	        0.2280	 & 	        0.2681	 & 	       -0.2724	 & 	        1.0000	 & 	        0.2115	 & 	       -0.1997	 & 	       -0.2849 \\ 
${\Delta e}  $	 & 	        0.0545	 & 	       -0.0665	 & 	        0.0922	 & 	       -0.1277	 & 	       -0.2417	 & 	        0.2115	 & 	        1.0000	 & 	       -0.0825	 & 	       -0.2110 \\ 
${nfa}       $	 & 	       -0.0280	 & 	        0.1480	 & 	       -0.0572	 & 	       -0.0320	 & 	        0.0759	 & 	       -0.1997	 & 	       -0.0825	 & 	        1.0000	 & 	        0.0043 \\ 
${mc}        $	 & 	        0.0138	 & 	        0.2253	 & 	        0.0518	 & 	        0.7238	 & 	        0.8768	 & 	       -0.2849	 & 	       -0.2110	 & 	        0.0043	 & 	        1.0000 \\ 
\end{longtable}
 \end{center}
% End of TeX file.
