% 03-Nov-2025 12:08:43, created by disp_th_moments.m 
 
\begin{center}
\begin{longtable}{lccccccccc} 
\caption{MATRIX OF CORRELATIONS}\\
 \label{Table:th_corr_matrix}\\
\toprule 
$Variables   $	 & 	 $           {y}$	 & 	 $           {c}$	 & 	 $           {i}$	 & 	 $        {\pi}$	 & 	 $      {\pi_H}$	 & 	 $      {\pi_F}$	 & 	 $   {\Delta e}$	 & 	 $         {nfa}$	 & 	 $          {mc}$\\
\midrule \endfirsthead 
\caption{(continued)}\\
 \toprule \\ 
$Variables   $	 & 	 $           {y}$	 & 	 $           {c}$	 & 	 $           {i}$	 & 	 $        {\pi}$	 & 	 $      {\pi_H}$	 & 	 $      {\pi_F}$	 & 	 $   {\Delta e}$	 & 	 $         {nfa}$	 & 	 $          {mc}$\\
\midrule \endhead 
\midrule \multicolumn{10}{r}{(Continued on next page)} \\ \bottomrule \endfoot 
\bottomrule \endlastfoot 
${y}         $	 & 	        1.0000	 & 	        0.6725	 & 	       -0.0631	 & 	        0.0105	 & 	        0.0165	 & 	       -0.0198	 & 	        0.0012	 & 	       -0.0252	 & 	        0.0077 \\ 
${c}         $	 & 	        0.6725	 & 	        1.0000	 & 	       -0.1302	 & 	       -0.0132	 & 	        0.0483	 & 	       -0.2046	 & 	       -0.0785	 & 	        0.1011	 & 	        0.1500 \\ 
${i}         $	 & 	       -0.0631	 & 	       -0.1302	 & 	        1.0000	 & 	        0.5748	 & 	        0.5171	 & 	        0.2003	 & 	        0.0925	 & 	       -0.0581	 & 	        0.0622 \\ 
${\pi}       $	 & 	        0.0105	 & 	       -0.0132	 & 	        0.5748	 & 	        1.0000	 & 	        0.9549	 & 	        0.1648	 & 	       -0.1204	 & 	       -0.0145	 & 	        0.8102 \\ 
${\pi_H}     $	 & 	        0.0165	 & 	        0.0483	 & 	        0.5171	 & 	        0.9549	 & 	        1.0000	 & 	       -0.1356	 & 	       -0.1833	 & 	        0.0404	 & 	        0.8710 \\ 
${\pi_F}     $	 & 	       -0.0198	 & 	       -0.2046	 & 	        0.2003	 & 	        0.1648	 & 	       -0.1356	 & 	        1.0000	 & 	        0.2071	 & 	       -0.1826	 & 	       -0.1901 \\ 
${\Delta e}  $	 & 	        0.0012	 & 	       -0.0785	 & 	        0.0925	 & 	       -0.1204	 & 	       -0.1833	 & 	        0.2071	 & 	        1.0000	 & 	       -0.0931	 & 	       -0.2032 \\ 
${nfa}       $	 & 	       -0.0252	 & 	        0.1011	 & 	       -0.0581	 & 	       -0.0145	 & 	        0.0404	 & 	       -0.1826	 & 	       -0.0931	 & 	        1.0000	 & 	        0.0002 \\ 
${mc}        $	 & 	        0.0077	 & 	        0.1500	 & 	        0.0622	 & 	        0.8102	 & 	        0.8710	 & 	       -0.1901	 & 	       -0.2032	 & 	        0.0002	 & 	        1.0000 \\ 
\end{longtable}
 \end{center}
% End of TeX file.
