% 19-Oct-2025 13:51:33, created by disp_th_moments.m 
 
\begin{center}
\begin{longtable}{lcccccccccccc} 
\caption{MATRIX OF CORRELATIONS}\\
 \label{Table:th_corr_matrix}\\
\toprule 
$Variables   $	 & 	 $           {y}$	 & 	 $           {c}$	 & 	 $           {i}$	 & 	 $        {\pi}$	 & 	 $           {r}$	 & 	 $           {w}$	 & 	 $       {k^{s}}$	 & 	 $           {l}$	 & 	 $           {q}$	 & 	 $           {n}$	 & 	 $    {r^{ktil}}$	 & 	 $          {OG}$\\
\midrule \endfirsthead 
\caption{(continued)}\\
 \toprule \\ 
$Variables   $	 & 	 $           {y}$	 & 	 $           {c}$	 & 	 $           {i}$	 & 	 $        {\pi}$	 & 	 $           {r}$	 & 	 $           {w}$	 & 	 $       {k^{s}}$	 & 	 $           {l}$	 & 	 $           {q}$	 & 	 $           {n}$	 & 	 $    {r^{ktil}}$	 & 	 $          {OG}$\\
\midrule \endhead 
\midrule \multicolumn{13}{r}{(Continued on next page)} \\ \bottomrule \endfoot 
\bottomrule \endlastfoot 
${y}         $	 & 	        1.0000	 & 	        0.9667	 & 	        0.8860	 & 	        0.2485	 & 	        0.2543	 & 	        0.3004	 & 	        0.7430	 & 	        0.7424	 & 	       -0.3536	 & 	        0.4521	 & 	        0.2158	 & 	        0.9164 \\ 
${c}         $	 & 	        0.9667	 & 	        1.0000	 & 	        0.8385	 & 	        0.2183	 & 	        0.1944	 & 	        0.2885	 & 	        0.7494	 & 	        0.6902	 & 	       -0.3909	 & 	        0.4618	 & 	        0.1847	 & 	        0.8867 \\ 
${i}         $	 & 	        0.8860	 & 	        0.8385	 & 	        1.0000	 & 	        0.3339	 & 	        0.3382	 & 	        0.4840	 & 	        0.8204	 & 	        0.4895	 & 	       -0.4541	 & 	        0.5613	 & 	        0.2432	 & 	        0.7693 \\ 
${\pi}       $	 & 	        0.2485	 & 	        0.2183	 & 	        0.3339	 & 	        1.0000	 & 	        0.7818	 & 	        0.6875	 & 	        0.4943	 & 	       -0.1217	 & 	       -0.0113	 & 	        0.4955	 & 	        0.6316	 & 	        0.3213 \\ 
${r}         $	 & 	        0.2543	 & 	        0.1944	 & 	        0.3382	 & 	        0.7818	 & 	        1.0000	 & 	        0.5784	 & 	        0.3944	 & 	       -0.0080	 & 	       -0.0398	 & 	        0.3058	 & 	        0.4930	 & 	        0.3307 \\ 
${w}         $	 & 	        0.3004	 & 	        0.2885	 & 	        0.4840	 & 	        0.6875	 & 	        0.5784	 & 	        1.0000	 & 	        0.7898	 & 	       -0.3402	 & 	       -0.3020	 & 	        0.7293	 & 	        0.4053	 & 	        0.2450 \\ 
${k^{s}}     $	 & 	        0.7430	 & 	        0.7494	 & 	        0.8204	 & 	        0.4943	 & 	        0.3944	 & 	        0.7898	 & 	        1.0000	 & 	        0.1065	 & 	       -0.5739	 & 	        0.7998	 & 	        0.2992	 & 	        0.5727 \\ 
${l}         $	 & 	        0.7424	 & 	        0.6902	 & 	        0.4895	 & 	       -0.1217	 & 	       -0.0080	 & 	       -0.3402	 & 	        0.1065	 & 	        1.0000	 & 	        0.0499	 & 	       -0.1236	 & 	        0.0241	 & 	        0.7958 \\ 
${q}         $	 & 	       -0.3536	 & 	       -0.3909	 & 	       -0.4541	 & 	       -0.0113	 & 	       -0.0398	 & 	       -0.3020	 & 	       -0.5739	 & 	        0.0499	 & 	        1.0000	 & 	       -0.2618	 & 	       -0.0129	 & 	       -0.0113 \\ 
${n}         $	 & 	        0.4521	 & 	        0.4618	 & 	        0.5613	 & 	        0.4955	 & 	        0.3058	 & 	        0.7293	 & 	        0.7998	 & 	       -0.1236	 & 	       -0.2618	 & 	        1.0000	 & 	        0.2764	 & 	        0.3538 \\ 
${r^{ktil}}  $	 & 	        0.2158	 & 	        0.1847	 & 	        0.2432	 & 	        0.6316	 & 	        0.4930	 & 	        0.4053	 & 	        0.2992	 & 	        0.0241	 & 	       -0.0129	 & 	        0.2764	 & 	        1.0000	 & 	        0.2549 \\ 
${OG}        $	 & 	        0.9164	 & 	        0.8867	 & 	        0.7693	 & 	        0.3213	 & 	        0.3307	 & 	        0.2450	 & 	        0.5727	 & 	        0.7958	 & 	       -0.0113	 & 	        0.3538	 & 	        0.2549	 & 	        1.0000 \\ 
\end{longtable}
 \end{center}
% End of TeX file.
