% 12-Oct-2025 13:14:28, created by disp_th_moments.m 
 
\begin{center}
\begin{longtable}{lcccccccc} 
\caption{MATRIX OF CORRELATIONS}\\
 \label{Table:th_corr_matrix}\\
\toprule 
$Variables  $	 & 	 $        {y}$	 & 	 $        {c}$	 & 	 $        {i}$	 & 	 $     {\pi}$	 & 	 $        {r}$	 & 	 $        {w}$	 & 	 $    {k^{s}}$	 & 	 $        {l}$\\
\midrule \endfirsthead 
\caption{(continued)}\\
 \toprule \\ 
$Variables  $	 & 	 $        {y}$	 & 	 $        {c}$	 & 	 $        {i}$	 & 	 $     {\pi}$	 & 	 $        {r}$	 & 	 $        {w}$	 & 	 $    {k^{s}}$	 & 	 $        {l}$\\
\midrule \endhead 
\midrule \multicolumn{9}{r}{(Continued on next page)} \\ \bottomrule \endfoot 
\bottomrule \endlastfoot 
${y}        $	 & 	     1.0000	 & 	     0.8374	 & 	     0.8118	 & 	    -0.3734	 & 	    -0.3876	 & 	     0.4136	 & 	     0.7580	 & 	     0.8285 \\ 
${c}        $	 & 	     0.8374	 & 	     1.0000	 & 	     0.6906	 & 	    -0.5018	 & 	    -0.5767	 & 	     0.2861	 & 	     0.8078	 & 	     0.7003 \\ 
${i}        $	 & 	     0.8118	 & 	     0.6906	 & 	     1.0000	 & 	    -0.2088	 & 	    -0.1498	 & 	     0.4614	 & 	     0.6651	 & 	     0.6473 \\ 
${\pi}      $	 & 	    -0.3734	 & 	    -0.5018	 & 	    -0.2088	 & 	     1.0000	 & 	     0.6702	 & 	     0.1632	 & 	    -0.2496	 & 	    -0.3352 \\ 
${r}        $	 & 	    -0.3876	 & 	    -0.5767	 & 	    -0.1498	 & 	     0.6702	 & 	     1.0000	 & 	     0.0076	 & 	    -0.2926	 & 	    -0.2692 \\ 
${w}        $	 & 	     0.4136	 & 	     0.2861	 & 	     0.4614	 & 	     0.1632	 & 	     0.0076	 & 	     1.0000	 & 	     0.6064	 & 	     0.0498 \\ 
${k^{s}}    $	 & 	     0.7580	 & 	     0.8078	 & 	     0.6651	 & 	    -0.2496	 & 	    -0.2926	 & 	     0.6064	 & 	     1.0000	 & 	     0.4773 \\ 
${l}        $	 & 	     0.8285	 & 	     0.7003	 & 	     0.6473	 & 	    -0.3352	 & 	    -0.2692	 & 	     0.0498	 & 	     0.4773	 & 	     1.0000 \\ 
\end{longtable}
 \end{center}
% End of TeX file.
