% 19-Oct-2025 12:36:28, created by disp_th_moments.m 
 
\begin{center}
\begin{longtable}{lcccccccccccc} 
\caption{MATRIX OF CORRELATIONS}\\
 \label{Table:th_corr_matrix}\\
\toprule 
$Variables   $	 & 	 $           {y}$	 & 	 $           {c}$	 & 	 $           {i}$	 & 	 $        {\pi}$	 & 	 $           {r}$	 & 	 $           {w}$	 & 	 $       {k^{s}}$	 & 	 $           {l}$	 & 	 $           {q}$	 & 	 $           {n}$	 & 	 $    {r^{ktil}}$	 & 	 $          {OG}$\\
\midrule \endfirsthead 
\caption{(continued)}\\
 \toprule \\ 
$Variables   $	 & 	 $           {y}$	 & 	 $           {c}$	 & 	 $           {i}$	 & 	 $        {\pi}$	 & 	 $           {r}$	 & 	 $           {w}$	 & 	 $       {k^{s}}$	 & 	 $           {l}$	 & 	 $           {q}$	 & 	 $           {n}$	 & 	 $    {r^{ktil}}$	 & 	 $          {OG}$\\
\midrule \endhead 
\midrule \multicolumn{13}{r}{(Continued on next page)} \\ \bottomrule \endfoot 
\bottomrule \endlastfoot 
${y}         $	 & 	        1.0000	 & 	        0.9501	 & 	        0.8895	 & 	        0.3785	 & 	        0.2358	 & 	        0.6574	 & 	        0.5704	 & 	        0.7593	 & 	       -0.1151	 & 	        0.1729	 & 	        0.1493	 & 	        0.8488 \\ 
${c}         $	 & 	        0.9501	 & 	        1.0000	 & 	        0.7937	 & 	        0.3968	 & 	        0.2178	 & 	        0.7637	 & 	        0.6667	 & 	        0.6464	 & 	       -0.1162	 & 	        0.2288	 & 	        0.1408	 & 	        0.8825 \\ 
${i}         $	 & 	        0.8895	 & 	        0.7937	 & 	        1.0000	 & 	        0.3145	 & 	        0.2130	 & 	        0.4764	 & 	        0.4310	 & 	        0.7195	 & 	       -0.1284	 & 	        0.1461	 & 	        0.1021	 & 	        0.7279 \\ 
${\pi}       $	 & 	        0.3785	 & 	        0.3968	 & 	        0.3145	 & 	        1.0000	 & 	        0.2946	 & 	        0.3708	 & 	        0.2778	 & 	        0.2516	 & 	       -0.0016	 & 	        0.1544	 & 	        0.3446	 & 	        0.4323 \\ 
${r}         $	 & 	        0.2358	 & 	        0.2178	 & 	        0.2130	 & 	        0.2946	 & 	        1.0000	 & 	        0.3816	 & 	        0.2183	 & 	        0.1894	 & 	       -0.0771	 & 	        0.3325	 & 	        0.0772	 & 	        0.5044 \\ 
${w}         $	 & 	        0.6574	 & 	        0.7637	 & 	        0.4764	 & 	        0.3708	 & 	        0.3816	 & 	        1.0000	 & 	        0.8770	 & 	        0.1418	 & 	       -0.1481	 & 	        0.6264	 & 	        0.0456	 & 	        0.8539 \\ 
${k^{s}}     $	 & 	        0.5704	 & 	        0.6667	 & 	        0.4310	 & 	        0.2778	 & 	        0.2183	 & 	        0.8770	 & 	        1.0000	 & 	       -0.0444	 & 	       -0.1995	 & 	        0.7952	 & 	       -0.0894	 & 	        0.7174 \\ 
${l}         $	 & 	        0.7593	 & 	        0.6464	 & 	        0.7195	 & 	        0.2516	 & 	        0.1894	 & 	        0.1418	 & 	       -0.0444	 & 	        1.0000	 & 	        0.0133	 & 	       -0.3388	 & 	        0.2534	 & 	        0.5020 \\ 
${q}         $	 & 	       -0.1151	 & 	       -0.1162	 & 	       -0.1284	 & 	       -0.0016	 & 	       -0.0771	 & 	       -0.1481	 & 	       -0.1995	 & 	        0.0133	 & 	        1.0000	 & 	        0.0960	 & 	        0.1461	 & 	       -0.0101 \\ 
${n}         $	 & 	        0.1729	 & 	        0.2288	 & 	        0.1461	 & 	        0.1544	 & 	        0.3325	 & 	        0.6264	 & 	        0.7952	 & 	       -0.3388	 & 	        0.0960	 & 	        1.0000	 & 	       -0.1511	 & 	        0.5034 \\ 
${r^{ktil}}  $	 & 	        0.1493	 & 	        0.1408	 & 	        0.1021	 & 	        0.3446	 & 	        0.0772	 & 	        0.0456	 & 	       -0.0894	 & 	        0.2534	 & 	        0.1461	 & 	       -0.1511	 & 	        1.0000	 & 	        0.1061 \\ 
${OG}        $	 & 	        0.8488	 & 	        0.8825	 & 	        0.7279	 & 	        0.4323	 & 	        0.5044	 & 	        0.8539	 & 	        0.7174	 & 	        0.5020	 & 	       -0.0101	 & 	        0.5034	 & 	        0.1061	 & 	        1.0000 \\ 
\end{longtable}
 \end{center}
% End of TeX file.
