Starting Dynare (version 6.4).
Calling Dynare with arguments: none
Starting preprocessing of the model file ... 
Found 28 equation(s). 
Evaluating expressions... 
Computing static model derivatives (order 1). 
Normalizing the static model... 
Finding the optimal block decomposition of the static model... 
6 block(s) found: 
  5 recursive block(s) and 1 simultaneous block(s). 
  the largest simultaneous block has 20 equation(s) 
                                 and 20 feedback variable(s). 
Computing dynamic model derivatives (order 2). 
Normalizing the dynamic model... 
Finding the optimal block decomposition of the dynamic model... 
3 block(s) found: 
  2 recursive block(s) and 1 simultaneous block(s). 
  the largest simultaneous block has 20 equation(s) 
                                 and 19 feedback variable(s). 
Preprocessing completed. 
Preprocessing time: 0h00m00s.


Residuals of the static equations:
Equation number  1: R      :       0.000000
Equation number  2: lambda :       0.000000
Equation number  3: 3      :       0.000000
Equation number  4: Pi     :       0.000000
Equation number  5: mc     :       0.000000
Equation number  6: m      :       0.000000
Equation number  7: n      :       0.000000
Equation number  8: 8      :       0.000000
Equation number  9: q      :       0.000000
Equation number 10: s      :       0.000000
Equation number 11: 11     :       0.000000
Equation number 12: w      :       0.000000
Equation number 13: 13     :       0.000000
Equation number 14: deltaF :       0.000000
Equation number 15: 15     :       0.000000
Equation number 16: 16     :       0.000000
Equation number 17: 17     :       0.000000
Equation number 18: 18     :       0.000000
Equation number 19: 19     :       0.000000
Equation number 20: y      :       0.000000
Equation number 21: eb     :       0.000000
Equation number 22: g      :       0.000000
Equation number 23: emoney :       0.000000
Equation number 24: z      :       0.000000
Equation number 25: yobs   :       0.000000
Equation number 26: cobs   :       0.000000
Equation number 27: piobs  :       0.000000
Equation number 28: robs   :       0.000000



STEADY-STATE RESULTS:

y         		 0
c         		 0
Pi        		 0
R         		 0
lambda    		 0
w         		 0
wstar     		 0
Jstar     		 0
deltaW    		 0
deltaF    		 0
Deltastar 		 0
h         		 0
mc        		 0
m         		 0
n         		 0
u         		 0
v         		 0
s         		 0
q         		 0
xL        		 0
z         		 0
g         		 0
eb        		 0
emoney    		 0
yobs      		 0
cobs      		 0
robs      		 0
piobs     		 0

EIGENVALUES:
         Modulus             Real        Imaginary
               0                0                0
       6.578e-17        6.578e-17                0
       3.201e-15        3.201e-15                0
          0.0841           0.0841                0
          0.4017           0.4017                0
          0.6712           0.6712                0
          0.7279           0.7198            0.108
          0.7279           0.7198           -0.108
          0.7912           0.7912                0
             0.9              0.9                0
           1.109            1.109                0
            1.31             1.31                0
           1.443            1.443                0
           2.211            2.211                0
           2.515            2.515                0
            10.1             10.1                0
             Inf              Inf                0

There are 7 eigenvalue(s) larger than 1 in modulus for 7 forward-looking variable(s)
The rank condition is verified.


You did not declare endogenous variables after the estimation/calib_smoother command.
Initial value of the log posterior (or likelihood): -5324.5637
[Warning: gmhmaxlik: Unknown option (MaxIter)!] 
[> In <a href="matlab:matlab.lang.internal.introspective.errorDocCallback('gmhmaxlik', 'D:\dynare\6.4\matlab\optimization\gmhmaxlik.m', 59)" style="font-weight:bold">gmhmaxlik</a> (<a href="matlab: opentoline('D:\dynare\6.4\matlab\optimization\gmhmaxlik.m',59,0)">line 59</a>)
In <a href="matlab:matlab.lang.internal.introspective.errorDocCallback('dynare_minimize_objective', 'D:\dynare\6.4\matlab\optimization\dynare_minimize_objective.m', 345)" style="font-weight:bold">dynare_minimize_objective</a> (<a href="matlab: opentoline('D:\dynare\6.4\matlab\optimization\dynare_minimize_objective.m',345,0)">line 345</a>)
In <a href="matlab:matlab.lang.internal.introspective.errorDocCallback('dynare_estimation_1', 'D:\dynare\6.4\matlab\estimation\dynare_estimation_1.m', 244)" style="font-weight:bold">dynare_estimation_1</a> (<a href="matlab: opentoline('D:\dynare\6.4\matlab\estimation\dynare_estimation_1.m',244,0)">line 244</a>)
In <a href="matlab:matlab.lang.internal.introspective.errorDocCallback('dynare_estimation', 'D:\dynare\6.4\matlab\estimation\dynare_estimation.m', 105)" style="font-weight:bold">dynare_estimation</a> (<a href="matlab: opentoline('D:\dynare\6.4\matlab\estimation\dynare_estimation.m',105,0)">line 105</a>)
In <a href="matlab:matlab.lang.internal.introspective.errorDocCallback('CK08_estRTM.driver', 'E:\IHEID Economics\IHEID\Demystifying DSGE\PS\PS5\+CK08_estRTM\driver.m', 908)" style="font-weight:bold">CK08_estRTM.driver</a> (<a href="matlab: opentoline('E:\IHEID Economics\IHEID\Demystifying DSGE\PS\PS5\+CK08_estRTM\driver.m',908,0)">line 908</a>)
In <a href="matlab:matlab.lang.internal.introspective.errorDocCallback('dynare', 'D:\dynare\6.4\matlab\dynare.m', 308)" style="font-weight:bold">dynare</a> (<a href="matlab: opentoline('D:\dynare\6.4\matlab\dynare.m',308,0)">line 308</a>)] 

==========================================================
   Change in the posterior covariance matrix = 0.64944.
   Change in the posterior mean = 6.0577.
   Current mode = 206.0464
   Mode improvement = 5118.5173
   New value of jscale = 0.041728
==========================================================

==========================================================
   Change in the posterior covariance matrix = 1.4899.
   Change in the posterior mean = 7.1217.
   Current mode = 376.4449
   Mode improvement = 170.3985
   New value of jscale = 0.0057063
==========================================================

==========================================================
   Change in the posterior covariance matrix = 0.05601.
   Change in the posterior mean = 1.0421.
   Current mode = 236.2493
   Mode improvement = 140.1956
   New value of jscale = 0.26155
==========================================================

Optimal value of the scale parameter = 0.26155


Final value of minus the log posterior (or likelihood):236.249303 

RESULTS FROM POSTERIOR ESTIMATION
parameters
           prior mean     mode    s.d.  prior pstdev

omega          0.5000   0.6430  0.0042   beta 0.2000 
gamma          0.5000   0.4431  0.0084   beta 0.2000 
habit          0.5000   0.9731  0.0122   beta 0.2000 
xi             0.5000   0.1870  0.0190   beta 0.2000 
wage_index     0.5000   1.0000  0.0152   unif 0.2887 
vtheta         0.1000   0.0792  0.0046   beta 0.0500 
vphi           2.0000   1.2222  0.1122   gamm 1.0000 
sig            1.5000   0.1048  0.0284   gamm 1.0000 
eta            0.5000   0.1725  0.0103   beta 0.2000 
phi_R          0.8500   0.9172  0.0058   gamm 0.2000 
phi_Pi         1.5000   1.6902  0.0383   gamm 0.2000 
phi_y          0.5000   1.3321  0.0358   gamm 0.2000 
rho_z          0.5000   0.7566  0.0074   beta 0.2000 
rho_eb         0.5000   0.4684  0.0081   beta 0.2000 
rho_g          0.5000   0.8135  0.0239   beta 0.2000 
rho_emoney     0.5000   0.1412  0.0083   beta 0.2000 

standard deviation of shocks
           prior mean     mode    s.d.  prior pstdev

inno_eb        1.0000   4.6037  0.1308   invg 0.5000 
inno_z         1.0000   0.6688  0.0453   invg 0.5000 
interest_      1.0000   0.9326  0.0174   invg 0.5000 
g_             1.0000   1.3545  0.0243   invg 0.5000 


Log data density [Laplace approximation] is -318.420543.

[Warning: Exported image displays axes toolbar. To remove axes toolbar from image, export again.] 

MODEL SUMMARY

  Number of variables:         28
  Number of stochastic shocks: 4
  Number of state variables:   10
  Number of jumpers:           7
  Number of static variables:  12


MATRIX OF COVARIANCE OF EXOGENOUS SHOCKS
Variables      inno_eb     inno_z  interest_         g_
inno_eb      21.193729   0.000000   0.000000   0.000000
inno_z        0.000000   0.447266   0.000000   0.000000
interest_     0.000000   0.000000   0.869797   0.000000
g_            0.000000   0.000000   0.000000   1.834624

POLICY AND TRANSITION FUNCTIONS
                                   y               c              Pi               R          lambda               w           wstar           Jstar          deltaW          deltaF       Deltastar               h              mc               m               n               u               v               s               q              xL               z               g              eb          emoney            yobs            cobs            robs           piobs
c(-1)                       0.474874        0.736253       -0.034473        0.052352        0.922722        0.023650        0.015038        3.556986       -0.726199        0.444303        2.386484        0.479670        0.028447        1.499097               0               0        1.843916        1.499097       -0.344819        0.028447               0               0               0               0        0.474874        0.736253        0.052352       -0.034473
R(-1)                      -0.450634       -0.689726       -0.070022        0.867565        2.687075        0.020276       -0.019308        7.696971        5.191196        1.755589       11.132578       -0.455185        0.015724      -12.369104               0               0      -15.214219      -12.369104        2.845114        0.015724               0               0               0               0       -0.450634       -0.689726        0.867565       -0.070022
w(-1)                       0.335791        0.513561        0.965767        0.037019       -2.000759        0.066178        0.091597       -4.362878       -6.828754       -1.449363       -9.742269        0.339183        0.069570        9.695329               0               0       11.925427        9.695329       -2.230098        0.069570               0               0               0               0        0.335791        0.513561        0.037019        0.965767
m(-1)                       0.000068       -0.000410       -0.000861        0.000007        0.001595        0.000176       -0.000369       -0.000558        0.000126       -0.000193       -0.000238       -0.079934       -0.000623       -0.802669        0.079202       -0.712818       -0.823337       -0.089851        0.020667       -0.000623               0               0               0               0        0.000068       -0.000410        0.000007       -0.000861
n(-1)                       0.000786       -0.004761       -0.010005        0.000087        0.018548        0.002045       -0.004289       -0.006483        0.001470       -0.002249       -0.002764       -0.929305       -0.007248       -9.331786        0.920798       -8.287182       -9.572064       -1.044604        0.240278       -0.007248               0               0               0               0        0.000786       -0.004761        0.000087       -0.010005
z(-1)                      -0.054827       -0.082139       -0.373453       -0.006044        0.320003        0.352313        0.335490        3.130506        1.809662        0.712971        4.227197       -0.819633       -0.412494       -3.678999               0               0       -4.525235       -3.678999        0.846235       -0.412494        0.756610               0               0               0       -0.054827       -0.082139       -0.006044       -0.373453
g(-1)                       0.241451       -0.063993       -0.003827        0.026618        0.249307        0.002269        0.001029        0.895370        0.026821        0.139377        0.782814        0.243890        0.004708        0.656296               0               0        0.807255        0.656296       -0.150960        0.004708               0        0.813516               0               0        0.241451       -0.063993        0.026618       -0.003827
eb(-1)                     -0.096251       -0.147475       -0.002233       -0.010611        0.574540       -0.005832       -0.012250        1.099552        2.537608        0.423490        3.213670       -0.097223       -0.006804       -2.451453               0               0       -3.015331       -2.451453        0.563878       -0.006804               0               0        0.468427               0       -0.096251       -0.147475       -0.010611       -0.002233
emoney(-1)                 -0.078272       -0.119791       -0.012726        0.132614        0.466689        0.003944       -0.003043        1.366367        0.831803        0.303846        1.894324       -0.079062        0.003154       -2.159977               0               0       -2.656810       -2.159977        0.496833        0.003154               0               0               0        0.141243       -0.078272       -0.119791        0.132614       -0.012726
Pi(-1)                      0.267070        0.408378        0.955088        0.169321       -1.590983        0.069270        0.088653       -3.189102       -6.037103       -1.181638       -8.044567        0.269768        0.071968        7.809058               0               0        9.605281        7.809058       -1.796222        0.071968               0               0               0               0        0.267070        0.408378        0.169321        0.955088
inno_eb                    -0.074794       -0.114598       -0.001735       -0.008245        0.446458       -0.004532       -0.009519        0.854428        1.971897        0.329081        2.497243       -0.075549       -0.005287       -1.904948               0               0       -2.343120       -1.904948        0.438172       -0.005287               0               0        0.364000               0       -0.074794       -0.114598       -0.008245       -0.001735
inno_z                     -0.049630       -0.074354       -0.338058       -0.005471        0.289674        0.318921        0.303693        2.833803        1.638146        0.645397        3.826552       -0.741950       -0.373398       -3.330311               0               0       -4.096342       -3.330311        0.766031       -0.373398        0.684900               0               0               0       -0.049630       -0.074354       -0.005471       -0.338058
interest_                  -0.138541       -0.212030       -0.022524        0.234727        0.826039        0.006982       -0.005386        2.418467        1.472289        0.537807        3.352949       -0.139940        0.005582       -3.823155               0               0       -4.702549       -3.823155        0.879394        0.005582               0               0               0        0.250000       -0.138541       -0.212030        0.234727       -0.022524
g_                          0.296799       -0.078662       -0.004704        0.032720        0.306456        0.002789        0.001265        1.100617        0.032969        0.171327        0.962260        0.299797        0.005787        0.806740               0               0        0.992304        0.806740       -0.185564        0.005787               0        1.000000               0               0        0.296799       -0.078662        0.032720       -0.004704


THEORETICAL MOMENTS
VARIABLE          MEAN  STD. DEV.   VARIANCE
y               0.0000     1.1488     1.3197
c               0.0000     1.8114     3.2812
Pi              0.0000     0.4468     0.1996
R               0.0000     0.6189     0.3830
lambda          0.0000     2.7515     7.5709
w               0.0000     0.3263     0.1065
wstar           0.0000     0.3174     0.1007
Jstar           0.0000     7.5927    57.6492
deltaW          0.0000    11.3207   128.1575
deltaF          0.0000     1.9727     3.8916
Deltastar       0.0000    14.1440   200.0525
h               0.0000     0.9265     0.8585
mc              0.0000     0.3907     0.1526
m               0.0000    10.8160   116.9859
n               0.0000     1.1941     1.4259
u               0.0000    10.7471   115.4994
v               0.0000    12.8474   165.0555
s               0.0000    12.9882   168.6933
q               0.0000     2.9875     8.9253
xL              0.0000     0.3907     0.1526
z               0.0000     0.7005     0.4907
g               0.0000     2.3291     5.4248
eb              0.0000     1.8967     3.5975
emoney          0.0000     0.2355     0.0555
yobs            0.0000     1.1488     1.3197
cobs            0.0000     1.8114     3.2812
robs            0.0000     0.6189     0.3830
piobs           0.0000     0.4468     0.1996



VARIANCE DECOMPOSITION (in percent)
               inno_eb     inno_z  interest_         g_
y                41.61       5.15      31.70      21.54
c                39.53       4.91      30.16      25.40
Pi                4.51      91.19       3.63       0.67
R                29.39      23.35      39.43       7.82
lambda           75.00       1.70      16.14       7.16
w                 2.36      96.65       0.66       0.34
wstar             3.28      95.79       0.64       0.29
Jstar            59.54       9.02      20.24      11.20
deltaW           87.20       1.85       8.60       2.35
deltaF           73.81       7.15      13.90       5.14
Deltastar        80.25       4.89      11.17       3.69
h                28.54      41.34       4.07      26.04
mc                1.65      97.62       0.46       0.26
m                80.26       5.32      12.16       2.26
n                58.72       6.32      31.20       3.77
u                58.72       6.32      31.20       3.77
v                78.47       5.40      13.74       2.39
s                62.09       6.16      28.22       3.53
q                62.09       6.16      28.22       3.53
xL                1.65      97.62       0.46       0.26
z                 0.00     100.00       0.00       0.00
g                 0.00       0.00       0.00     100.00
eb              100.00       0.00       0.00       0.00
emoney            0.00       0.00     100.00       0.00
yobs             41.61       5.15      31.70      21.54
cobs             39.53       4.91      30.16      25.40
robs             29.39      23.35      39.43       7.82
piobs             4.51      91.19       3.63       0.67



MATRIX OF CORRELATIONS
Variables            y          c         Pi          R     lambda          w      wstar      Jstar     deltaW     deltaF  Deltastar          h         mc          m          n          u          v          s          q         xL          z          g         eb     emoney       yobs       cobs       robs      piobs
y               1.0000     0.7566    -0.0064    -0.1145    -0.1290     0.1377     0.1524     0.1874    -0.6519    -0.2930    -0.3803     0.2056     0.1196     0.0762     0.8040    -0.8040     0.2336     0.7287    -0.7287     0.1196     0.0002     0.3176    -0.4933    -0.1426     1.0000     0.7566    -0.1145    -0.0064
c               0.7566     1.0000     0.0216    -0.2777    -0.2630     0.1479     0.1704     0.0423    -0.7100    -0.4192    -0.4871    -0.1077     0.1182     0.0841     0.8097    -0.8097     0.2429     0.7400    -0.7400     0.1182     0.0016    -0.3797    -0.4799    -0.1385     0.7566     1.0000    -0.2777     0.0216
Pi             -0.0064     0.0216     1.0000     0.2875    -0.0532    -0.7842    -0.7767    -0.2482    -0.1560    -0.2599    -0.2218     0.4697     0.8517     0.0718     0.1224    -0.1224     0.0979     0.1610    -0.1610     0.8517    -0.8341    -0.0425    -0.0146    -0.0546    -0.0064     0.0216     0.2875     1.0000
R              -0.1145    -0.2777     0.2875     1.0000     0.4341    -0.1411    -0.1932     0.4611     0.0793     0.3305     0.2649     0.2257     0.2607    -0.2907    -0.1614     0.1614    -0.3321    -0.3756     0.3756     0.2607    -0.2082     0.2423    -0.1782     0.4028    -0.1145    -0.2777     1.0000     0.2875
lambda         -0.1290    -0.2630    -0.0532     0.4341     1.0000    -0.0053    -0.1063     0.8903     0.7290     0.9506     0.9288    -0.0757    -0.0043    -0.8274    -0.0654     0.0654    -0.8694    -0.7431     0.7431    -0.0043    -0.0011     0.2029     0.6698     0.3063    -0.1290    -0.2630     0.4341    -0.0532
w               0.1377     0.1479    -0.7842    -0.1411    -0.0053     1.0000     0.9947     0.3216    -0.0196     0.1957     0.1297    -0.6077    -0.9399    -0.0776     0.0231    -0.0231    -0.0759    -0.0455     0.0455    -0.9399     0.9820    -0.0176    -0.1119     0.0189     0.1377     0.1479    -0.1411    -0.7842
wstar           0.1524     0.1704    -0.7767    -0.1932    -0.1063     0.9947     1.0000     0.2280    -0.0888     0.0999     0.0374    -0.5871    -0.9364     0.0135     0.0240    -0.0240     0.0186     0.0311    -0.0311    -0.9364     0.9779    -0.0296    -0.1724    -0.0198     0.1524     0.1704    -0.1932    -0.7767
Jstar           0.1874     0.0423    -0.2482     0.4611     0.8903     0.3216     0.2280     1.0000     0.4271     0.8387     0.7616    -0.1904    -0.2077    -0.7718     0.1722    -0.1722    -0.7661    -0.5003     0.5003    -0.2077     0.2632     0.2084     0.3547     0.3202     0.1874     0.0423     0.4611    -0.2482
deltaW         -0.6519    -0.7100    -0.1560     0.0793     0.7290    -0.0196    -0.0888     0.4271     1.0000     0.8493     0.9112    -0.1823    -0.2130    -0.5686    -0.5501     0.5501    -0.6946    -0.9286     0.9286    -0.2130     0.1073     0.1097     0.9219     0.1422    -0.6519    -0.7100     0.0793    -0.1560
deltaF         -0.2930    -0.4192    -0.2599     0.3305     0.9506     0.1957     0.0999     0.8387     0.8493     1.0000     0.9905    -0.2255    -0.2709    -0.7830    -0.2489     0.2489    -0.8588    -0.8581     0.8581    -0.2709     0.2393     0.1976     0.7464     0.2817    -0.2930    -0.4192     0.3305    -0.2599
Deltastar      -0.3803    -0.4871    -0.2218     0.2649     0.9288     0.1297     0.0374     0.7616     0.9112     0.9905     1.0000    -0.2167    -0.2442    -0.7602    -0.3131     0.3131    -0.8474    -0.8921     0.8921    -0.2442     0.1937     0.1721     0.8242     0.2464    -0.3803    -0.4871     0.2649    -0.2218
h               0.2056    -0.1077     0.4697     0.2257    -0.0757    -0.6077    -0.5871    -0.1904    -0.1823    -0.2255    -0.2167     1.0000     0.6216     0.5008    -0.2087     0.2087     0.4784     0.2444    -0.2444     0.6216    -0.6165     0.4471    -0.1859    -0.1277     0.2056    -0.1077     0.2257     0.4697
mc              0.1196     0.1182     0.8517     0.2607    -0.0043    -0.9399    -0.9364    -0.2077    -0.2130    -0.2709    -0.2442     0.6216     1.0000     0.0602     0.2168    -0.2168     0.1040     0.2295    -0.2295     1.0000    -0.9874    -0.0041    -0.0979     0.0128     0.1196     0.1182     0.2607     0.8517
m               0.0762     0.0841     0.0718    -0.2907    -0.8274    -0.0776     0.0135    -0.7718    -0.5686    -0.7830    -0.7602     0.5008     0.0602     1.0000    -0.2744     0.2744     0.9827     0.6057    -0.6057     0.0602    -0.0631    -0.0163    -0.5614    -0.3361     0.0762     0.0841    -0.2907     0.0718
n               0.8040     0.8097     0.1224    -0.1614    -0.0654     0.0231     0.0240     0.1722    -0.5501    -0.2489    -0.3131    -0.2087     0.2168    -0.2744     1.0000    -1.0000    -0.0917     0.5989    -0.5989     0.2168    -0.1129    -0.0379    -0.3318    -0.0391     0.8040     0.8097    -0.1614     0.1224
u              -0.8040    -0.8097    -0.1224     0.1614     0.0654    -0.0231    -0.0240    -0.1722     0.5501     0.2489     0.3131     0.2087    -0.2168     0.2744    -1.0000     1.0000     0.0917    -0.5989     0.5989    -0.2168     0.1129     0.0379     0.3318     0.0391    -0.8040    -0.8097     0.1614    -0.1224
v               0.2336     0.2429     0.0979    -0.3321    -0.8694    -0.0759     0.0186    -0.7661    -0.6946    -0.8588    -0.8474     0.4784     0.1040     0.9827    -0.0917     0.0917     1.0000     0.7425    -0.7425     0.1040    -0.0870    -0.0242    -0.6452    -0.3556     0.2336     0.2429    -0.3321     0.0979
s               0.7287     0.7400     0.1610    -0.3756    -0.7431    -0.0455     0.0311    -0.5003    -0.9286    -0.8581    -0.8921     0.2444     0.2295     0.6057     0.5989    -0.5989     0.7425     1.0000    -1.0000     0.2295    -0.1459    -0.0449    -0.7420    -0.3123     0.7287     0.7400    -0.3756     0.1610
q              -0.7287    -0.7400    -0.1610     0.3756     0.7431     0.0455    -0.0311     0.5003     0.9286     0.8581     0.8921    -0.2444    -0.2295    -0.6057    -0.5989     0.5989    -0.7425    -1.0000     1.0000    -0.2295     0.1459     0.0449     0.7420     0.3123    -0.7287    -0.7400     0.3756    -0.1610
xL              0.1196     0.1182     0.8517     0.2607    -0.0043    -0.9399    -0.9364    -0.2077    -0.2130    -0.2709    -0.2442     0.6216     1.0000     0.0602     0.2168    -0.2168     0.1040     0.2295    -0.2295     1.0000    -0.9874    -0.0041    -0.0979     0.0128     0.1196     0.1182     0.2607     0.8517
z               0.0002     0.0016    -0.8341    -0.2082    -0.0011     0.9820     0.9779     0.2632     0.1073     0.2393     0.1937    -0.6165    -0.9874    -0.0631    -0.1129     0.1129    -0.0870    -0.1459     0.1459    -0.9874     1.0000     0.0000     0.0000     0.0000     0.0002     0.0016    -0.2082    -0.8341
g               0.3176    -0.3797    -0.0425     0.2423     0.2029    -0.0176    -0.0296     0.2084     0.1097     0.1976     0.1721     0.4471    -0.0041    -0.0163    -0.0379     0.0379    -0.0242    -0.0449     0.0449    -0.0041     0.0000     1.0000     0.0000     0.0000     0.3176    -0.3797     0.2423    -0.0425
eb             -0.4933    -0.4799    -0.0146    -0.1782     0.6698    -0.1119    -0.1724     0.3547     0.9219     0.7464     0.8242    -0.1859    -0.0979    -0.5614    -0.3318     0.3318    -0.6452    -0.7420     0.7420    -0.0979     0.0000     0.0000     1.0000     0.0000    -0.4933    -0.4799    -0.1782    -0.0146
emoney         -0.1426    -0.1385    -0.0546     0.4028     0.3063     0.0189    -0.0198     0.3202     0.1422     0.2817     0.2464    -0.1277     0.0128    -0.3361    -0.0391     0.0391    -0.3556    -0.3123     0.3123     0.0128     0.0000     0.0000     0.0000     1.0000    -0.1426    -0.1385     0.4028    -0.0546
yobs            1.0000     0.7566    -0.0064    -0.1145    -0.1290     0.1377     0.1524     0.1874    -0.6519    -0.2930    -0.3803     0.2056     0.1196     0.0762     0.8040    -0.8040     0.2336     0.7287    -0.7287     0.1196     0.0002     0.3176    -0.4933    -0.1426     1.0000     0.7566    -0.1145    -0.0064
cobs            0.7566     1.0000     0.0216    -0.2777    -0.2630     0.1479     0.1704     0.0423    -0.7100    -0.4192    -0.4871    -0.1077     0.1182     0.0841     0.8097    -0.8097     0.2429     0.7400    -0.7400     0.1182     0.0016    -0.3797    -0.4799    -0.1385     0.7566     1.0000    -0.2777     0.0216
robs           -0.1145    -0.2777     0.2875     1.0000     0.4341    -0.1411    -0.1932     0.4611     0.0793     0.3305     0.2649     0.2257     0.2607    -0.2907    -0.1614     0.1614    -0.3321    -0.3756     0.3756     0.2607    -0.2082     0.2423    -0.1782     0.4028    -0.1145    -0.2777     1.0000     0.2875
piobs          -0.0064     0.0216     1.0000     0.2875    -0.0532    -0.7842    -0.7767    -0.2482    -0.1560    -0.2599    -0.2218     0.4697     0.8517     0.0718     0.1224    -0.1224     0.0979     0.1610    -0.1610     0.8517    -0.8341    -0.0425    -0.0146    -0.0546    -0.0064     0.0216     0.2875     1.0000



COEFFICIENTS OF AUTOCORRELATION
Order              1        2        3        4        5
y             0.8437   0.6427   0.4440   0.2692   0.1273
c             0.9223   0.7777   0.6133   0.4540   0.3126
Pi            0.8560   0.7450   0.6595   0.5936   0.5430
R             0.9092   0.7787   0.6403   0.5075   0.3879
lambda        0.4321   0.1307  -0.0298  -0.1124  -0.1496
w             0.7517   0.5658   0.4265   0.3220   0.2434
wstar         0.7546   0.5708   0.4324   0.3278   0.2485
Jstar         0.5562   0.2747   0.0936  -0.0220  -0.0922
deltaW        0.5529   0.2964   0.1426   0.0471  -0.0125
deltaF        0.4421   0.1435  -0.0142  -0.0938  -0.1286
Deltastar     0.4333   0.1382  -0.0133  -0.0873  -0.1180
h             0.2972   0.2161   0.1841   0.1477   0.1094
mc            0.7651   0.5844   0.4438   0.3348   0.2508
m            -0.0228  -0.1027  -0.0882  -0.0723  -0.0600
n             0.7239   0.4656   0.2677   0.1210   0.0155
u             0.7239   0.4656   0.2677   0.1210   0.0155
v             0.0391  -0.0555  -0.0587  -0.0562  -0.0537
s             0.6070   0.3766   0.2120   0.0907   0.0037
q             0.6070   0.3766   0.2120   0.0907   0.0037
xL            0.7651   0.5844   0.4438   0.3348   0.2508
z             0.7566   0.5725   0.4331   0.3277   0.2479
g             0.8135   0.6618   0.5384   0.4380   0.3563
eb            0.4684   0.2194   0.1028   0.0481   0.0226
emoney        0.1412   0.0199   0.0028   0.0004   0.0001
yobs          0.8437   0.6427   0.4440   0.2692   0.1273
cobs          0.9223   0.7777   0.6133   0.4540   0.3126
robs          0.9092   0.7787   0.6403   0.5075   0.3879
piobs         0.8560   0.7450   0.6595   0.5936   0.5430
Total computing time : 0h20m10s
Note: warning(s) encountered in MATLAB/Octave code
