% 04-Nov-2025 13:37:49, created by disp_th_moments.m 
 
\begin{center}
\begin{longtable}{lccccccc} 
\caption{MATRIX OF CORRELATIONS}\\
 \label{Table:th_corr_matrix}\\
\toprule 
$Variables  $	 & 	 $         {y}$	 & 	 $     {\ pi}$	 & 	 $         {r}$	 & 	 $         {q}$	 & 	 $         {s}$	 & 	 $   {\ pi_H}$	 & 	 $   {\ pi_F}$\\
\midrule \endfirsthead 
\caption{(continued)}\\
 \toprule \\ 
$Variables  $	 & 	 $         {y}$	 & 	 $     {\ pi}$	 & 	 $         {r}$	 & 	 $         {q}$	 & 	 $         {s}$	 & 	 $   {\ pi_H}$	 & 	 $   {\ pi_F}$\\
\midrule \endhead 
\midrule \multicolumn{8}{r}{(Continued on next page)} \\ \bottomrule \endfoot 
\bottomrule \endlastfoot 
${y}        $	 & 	      1.0000	 & 	      0.3484	 & 	      0.1247	 & 	      0.6178	 & 	      0.2622	 & 	      0.3620	 & 	      0.1894 \\ 
${\ pi}     $	 & 	      0.3484	 & 	      1.0000	 & 	      0.8031	 & 	      0.2329	 & 	     -0.6121	 & 	      0.9884	 & 	      0.7605 \\ 
${r}        $	 & 	      0.1247	 & 	      0.8031	 & 	      1.0000	 & 	     -0.0640	 & 	     -0.5460	 & 	      0.7711	 & 	      0.7077 \\ 
${q}        $	 & 	      0.6178	 & 	      0.2329	 & 	     -0.0640	 & 	      1.0000	 & 	      0.3693	 & 	      0.2227	 & 	      0.2091 \\ 
${s}        $	 & 	      0.2622	 & 	     -0.6121	 & 	     -0.5460	 & 	      0.3693	 & 	      1.0000	 & 	     -0.5717	 & 	     -0.6076 \\ 
${\ pi_H}   $	 & 	      0.3620	 & 	      0.9884	 & 	      0.7711	 & 	      0.2227	 & 	     -0.5717	 & 	      1.0000	 & 	      0.6529 \\ 
${\ pi_F}   $	 & 	      0.1894	 & 	      0.7605	 & 	      0.7077	 & 	      0.2091	 & 	     -0.6076	 & 	      0.6529	 & 	      1.0000 \\ 
\end{longtable}
 \end{center}
% End of TeX file.
