% 21-Oct-2025 15:58:46, created by disp_th_moments.m 
 
\begin{center}
\begin{longtable}{lccccccccc} 
\caption{MATRIX OF CORRELATIONS}\\
 \label{Table:th_corr_matrix}\\
\toprule 
$Variables  $	 & 	 $         {y}$	 & 	 $      {\pi}$	 & 	 $         {R}$	 & 	 $         {u}$	 & 	 $         {v}$	 & 	 $   {\Psi^L}$	 & 	 $         {h}$	 & 	 $         {w}$	 & 	 $    {\pi_w}$\\
\midrule \endfirsthead 
\caption{(continued)}\\
 \toprule \\ 
$Variables  $	 & 	 $         {y}$	 & 	 $      {\pi}$	 & 	 $         {R}$	 & 	 $         {u}$	 & 	 $         {v}$	 & 	 $   {\Psi^L}$	 & 	 $         {h}$	 & 	 $         {w}$	 & 	 $    {\pi_w}$\\
\midrule \endhead 
\midrule \multicolumn{10}{r}{(Continued on next page)} \\ \bottomrule \endfoot 
\bottomrule \endlastfoot 
${y}        $	 & 	      1.0000	 & 	     -0.0095	 & 	      0.3531	 & 	     -0.1936	 & 	      0.1318	 & 	      0.5701	 & 	      0.4010	 & 	      0.1224	 & 	     -0.3153 \\ 
${\pi}      $	 & 	     -0.0095	 & 	      1.0000	 & 	      0.0702	 & 	     -0.2266	 & 	      0.4142	 & 	      0.7326	 & 	      0.6201	 & 	     -0.1079	 & 	      0.3938 \\ 
${R}        $	 & 	      0.3531	 & 	      0.0702	 & 	      1.0000	 & 	      0.4698	 & 	     -0.5363	 & 	      0.3504	 & 	      0.3176	 & 	     -0.1047	 & 	     -0.5122 \\ 
${u}        $	 & 	     -0.1936	 & 	     -0.2266	 & 	      0.4698	 & 	      1.0000	 & 	     -0.5602	 & 	     -0.1981	 & 	     -0.1476	 & 	     -0.0218	 & 	     -0.5502 \\ 
${v}        $	 & 	      0.1318	 & 	      0.4142	 & 	     -0.5363	 & 	     -0.5602	 & 	      1.0000	 & 	      0.2873	 & 	      0.1729	 & 	      0.1354	 & 	      0.5655 \\ 
${\Psi^L}   $	 & 	      0.5701	 & 	      0.7326	 & 	      0.3504	 & 	     -0.1981	 & 	      0.2873	 & 	      1.0000	 & 	      0.9294	 & 	     -0.3572	 & 	      0.2569 \\ 
${h}        $	 & 	      0.4010	 & 	      0.6201	 & 	      0.3176	 & 	     -0.1476	 & 	      0.1729	 & 	      0.9294	 & 	      1.0000	 & 	     -0.6767	 & 	      0.4459 \\ 
${w}        $	 & 	      0.1224	 & 	     -0.1079	 & 	     -0.1047	 & 	     -0.0218	 & 	      0.1354	 & 	     -0.3572	 & 	     -0.6767	 & 	      1.0000	 & 	     -0.6158 \\ 
${\pi_w}    $	 & 	     -0.3153	 & 	      0.3938	 & 	     -0.5122	 & 	     -0.5502	 & 	      0.5655	 & 	      0.2569	 & 	      0.4459	 & 	     -0.6158	 & 	      1.0000 \\ 
\end{longtable}
 \end{center}
% End of TeX file.
