% 21-Oct-2025 16:17:00, created by disp_th_moments.m 
 
\begin{center}
\begin{longtable}{lccccccccc} 
\caption{MATRIX OF CORRELATIONS}\\
 \label{Table:th_corr_matrix}\\
\toprule 
$Variables  $	 & 	 $         {y}$	 & 	 $      {\pi}$	 & 	 $         {R}$	 & 	 $         {u}$	 & 	 $         {v}$	 & 	 $   {\Psi^L}$	 & 	 $         {h}$	 & 	 $         {w}$	 & 	 $    {\pi_w}$\\
\midrule \endfirsthead 
\caption{(continued)}\\
 \toprule \\ 
$Variables  $	 & 	 $         {y}$	 & 	 $      {\pi}$	 & 	 $         {R}$	 & 	 $         {u}$	 & 	 $         {v}$	 & 	 $   {\Psi^L}$	 & 	 $         {h}$	 & 	 $         {w}$	 & 	 $    {\pi_w}$\\
\midrule \endhead 
\midrule \multicolumn{10}{r}{(Continued on next page)} \\ \bottomrule \endfoot 
\bottomrule \endlastfoot 
${y}        $	 & 	      1.0000	 & 	     -0.0256	 & 	      0.3589	 & 	      0.2440	 & 	     -0.6769	 & 	      0.5753	 & 	      0.4084	 & 	      0.1287	 & 	     -0.3957 \\ 
${\pi}      $	 & 	     -0.0256	 & 	      1.0000	 & 	      0.0470	 & 	     -0.0555	 & 	     -0.0459	 & 	      0.7250	 & 	      0.6297	 & 	     -0.1376	 & 	      0.4415 \\ 
${R}        $	 & 	      0.3589	 & 	      0.0470	 & 	      1.0000	 & 	      0.8472	 & 	     -0.7450	 & 	      0.3640	 & 	      0.3371	 & 	     -0.1237	 & 	     -0.4458 \\ 
${u}        $	 & 	      0.2440	 & 	     -0.0555	 & 	      0.8472	 & 	      1.0000	 & 	     -0.7729	 & 	      0.2514	 & 	      0.2678	 & 	     -0.1764	 & 	     -0.5131 \\ 
${v}        $	 & 	     -0.6769	 & 	     -0.0459	 & 	     -0.7450	 & 	     -0.7729	 & 	      1.0000	 & 	     -0.5684	 & 	     -0.5163	 & 	      0.1668	 & 	      0.4756 \\ 
${\Psi^L}   $	 & 	      0.5753	 & 	      0.7250	 & 	      0.3640	 & 	      0.2514	 & 	     -0.5684	 & 	      1.0000	 & 	      0.9337	 & 	     -0.3593	 & 	      0.2435 \\ 
${h}        $	 & 	      0.4084	 & 	      0.6297	 & 	      0.3371	 & 	      0.2678	 & 	     -0.5163	 & 	      0.9337	 & 	      1.0000	 & 	     -0.6697	 & 	      0.4524 \\ 
${w}        $	 & 	      0.1287	 & 	     -0.1376	 & 	     -0.1237	 & 	     -0.1764	 & 	      0.1668	 & 	     -0.3593	 & 	     -0.6697	 & 	      1.0000	 & 	     -0.6737 \\ 
${\pi_w}    $	 & 	     -0.3957	 & 	      0.4415	 & 	     -0.4458	 & 	     -0.5131	 & 	      0.4756	 & 	      0.2435	 & 	      0.4524	 & 	     -0.6737	 & 	      1.0000 \\ 
\end{longtable}
 \end{center}
% End of TeX file.
