Starting Dynare (version 6.4).
Calling Dynare with arguments: none
Starting preprocessing of the model file ... 
Found 25 equation(s). 
Evaluating expressions... 
Computing static model derivatives (order 1). 
Normalizing the static model... 
Normalization failed with cutoff, trying symbolic normalization... 
Could not normalize the static model. Variable e is not in the maximum cardinality matching. 
Computing dynamic model derivatives (order 2). 
Normalizing the dynamic model... 
Finding the optimal block decomposition of the dynamic model... 
6 block(s) found: 
  5 recursive block(s) and 1 simultaneous block(s). 
  the largest simultaneous block has 8 equation(s) 
                                 and 7 feedback variable(s). 
Preprocessing completed. 
Preprocessing time: 0h00m00s.


Residuals of the static equations:
Equation number  1: 1       :       0.000000
Equation number  2: pi_h    :       0.000000
Equation number  3: pi_f    :       0.000000
Equation number  4: 4       :       0.000000
Equation number  5: 5       :       0.000000
Equation number  6: y       :       0.000000
Equation number  7: pi      :       0.000000
Equation number  8: r       :       0.000000
Equation number  9: de      :       0.000000
Equation number 10: 10      :       0.000000
Equation number 11: eps_r   :       0.000000
Equation number 12: eps_s   :       0.000000
Equation number 13: eps_q   :       0.000000
Equation number 14: eps_a   :       0.000000
Equation number 15: pi_star :       0.000000
Equation number 16: y_star  :       0.000000
Equation number 17: r_star  :       0.000000
Equation number 18: y_obs   :       0.000000
Equation number 19: yst_obs :       0.000000
Equation number 20: r_obs   :       0.000000
Equation number 21: pi_obs  :       0.000000
Equation number 22: q_obs   :       0.000000
Equation number 23: s_obs   :       0.000000
Equation number 24: pif_obs :       0.000000
Equation number 25: rst_obs :       0.000000



STEADY-STATE RESULTS:

y       		 0
c       		 0
s       		 0
q       		 0
r       		 0
pi      		 0
pi_h    		 0
pi_f    		 0
eps_a   		 0
eps_r   		 0
eps_q   		 0
eps_s   		 0
e       		 0
de      		 0
y_star  		 0
r_star  		 0
pi_star 		 0
y_obs   		 0
yst_obs 		 0
r_obs   		 0
pi_obs  		 0
q_obs   		 0
s_obs   		 0
pif_obs 		 0
rst_obs 		 0

EIGENVALUES:
         Modulus             Real        Imaginary
       1.173e-16        1.173e-16                0
             0.1              0.1                0
           0.435           0.3006           0.3145
           0.435           0.3006          -0.3145
          0.4478           0.4478                0
             0.5              0.5                0
             0.5              0.5                0
             0.5              0.5                0
          0.5662           0.4704            0.315
          0.5662           0.4704           -0.315
             0.8              0.8                0
             0.8              0.8                0
             0.8              0.8                0
               1                1                0
           1.259            1.259                0
           2.234            2.234                0
           2.965            2.965                0
             Inf              Inf                0
             Inf              Inf                0

There are 5 eigenvalue(s) larger than 1 in modulus for 5 forward-looking variable(s)
The rank condition is verified.

Initial value of the log posterior (or likelihood): -1266.1261
                                            First-order      Norm of
 Iter F-count            f(x)  Feasibility   optimality         step
    0      28    1.266126e+03    0.000e+00    2.120e+02
    1      57    1.251715e+03    0.000e+00    2.770e+02    1.458e+00
    2      86    1.214946e+03    0.000e+00    1.845e+02    7.144e-01
    3     115    1.176613e+03    0.000e+00    7.421e+01    6.335e-01
    4     145    1.164699e+03    0.000e+00    9.992e+01    2.881e-01
    5     174    1.151537e+03    0.000e+00    4.466e+02    7.594e-01
    6     203    1.136609e+03    0.000e+00    3.975e+02    6.247e-01
    7     232    1.134561e+03    0.000e+00    3.632e+02    8.115e-01
    8     261    1.102269e+03    0.000e+00    3.739e+02    6.173e-01
    9     290    1.100212e+03    0.000e+00    3.303e+02    3.329e-01
   10     319    1.064471e+03    0.000e+00    2.493e+02    1.151e+00
   11     348    1.033279e+03    0.000e+00    1.387e+02    4.532e-01
   12     377    1.014400e+03    0.000e+00    2.052e+02    1.630e-01
   13     406    9.802780e+02    0.000e+00    1.211e+02    1.053e+00
   14     434    9.392304e+02    0.000e+00    2.671e+02    1.718e+00
   15     462    9.165664e+02    0.000e+00    5.113e+02    1.055e+00
   16     492    9.158233e+02    0.000e+00    2.371e+02    1.655e-01
   17     520    8.975845e+02    0.000e+00    1.248e+03    9.610e-01
   18     555    8.900776e+02    0.000e+00    1.222e+03    2.571e-01
   19     584    8.843056e+02    0.000e+00    9.173e+02    1.626e-01
   20     613    8.818352e+02    0.000e+00    5.782e+02    2.968e-01
   21     642    8.788946e+02    0.000e+00    2.800e+02    1.777e-01
   22     672    8.758356e+02    0.000e+00    1.350e+02    3.582e-01
   23     702    8.747755e+02    0.000e+00    1.107e+02    1.408e-01
   24     732    8.730776e+02    0.000e+00    1.194e+02    2.179e-01
   25     763    8.717783e+02    0.000e+00    1.310e+02    1.398e-01
   26     793    8.714352e+02    0.000e+00    1.316e+02    1.400e-01
   27     824    8.705449e+02    0.000e+00    1.486e+02    1.714e-01
   28     853    8.702244e+02    0.000e+00    9.630e+01    3.161e-01
   29     883    8.699552e+02    0.000e+00    8.291e+01    1.644e-01
   30     913    8.683697e+02    0.000e+00    1.003e+02    2.699e-01

                                            First-order      Norm of
 Iter F-count            f(x)  Feasibility   optimality         step
   31     943    8.672893e+02    0.000e+00    8.763e+01    1.861e-01
   32     972    8.664399e+02    0.000e+00    8.723e+01    1.232e-01
   33    1005    8.660072e+02    0.000e+00    6.761e+01    1.021e-01
   34    1036    8.658669e+02    0.000e+00    6.416e+01    5.796e-02
   35    1066    8.654631e+02    0.000e+00    5.840e+01    6.048e-02
   36    1097    8.652535e+02    0.000e+00    4.701e+01    1.880e-01
   37    1131    8.643498e+02    0.000e+00    3.618e+01    1.249e-01
   38    1162    8.642233e+02    0.000e+00    3.708e+01    5.124e-02
   39    1193    8.642365e+02    0.000e+00    3.657e+01    3.652e-02
   40    1222    8.638975e+02    0.000e+00    3.493e+01    1.580e-01
   41    1256    8.635021e+02    0.000e+00    2.548e+01    7.474e-02
   42    1286    8.634710e+02    0.000e+00    2.574e+01    5.071e-02
   43    1316    8.633316e+02    0.000e+00    4.427e+01    2.127e-01
   44    1346    8.632222e+02    0.000e+00    2.437e+01    9.400e-02
   45    1376    8.628041e+02    0.000e+00    4.235e+01    1.611e-01
   46    1404    8.615227e+02    0.000e+00    2.386e+01    1.147e-01
   47    1434    8.603949e+02    0.000e+00    5.791e+01    1.391e-01
   48    1465    8.598203e+02    0.000e+00    5.251e+01    8.678e-02
   49    1495    8.594694e+02    0.000e+00    5.071e+01    6.841e-02
   50    1523    8.578124e+02    0.000e+00    7.793e+01    3.043e-01
   51    1551    8.574655e+02    0.000e+00    1.265e+02    1.502e-01
   52    1580    8.568393e+02    0.000e+00    6.041e+01    8.296e-02
   53    1608    8.562896e+02    0.000e+00    5.215e+01    6.801e-02
   54    1636    8.562176e+02    0.000e+00    7.190e+01    6.131e-02
   55    1664    8.557388e+02    0.000e+00    2.101e+01    7.139e-02
   56    1692    8.554554e+02    0.000e+00    3.203e+01    5.026e-02
   57    1720    8.552437e+02    0.000e+00    1.019e+01    3.950e-02
   58    1748    8.548877e+02    0.000e+00    2.051e+01    1.173e-01
   59    1776    8.546276e+02    0.000e+00    2.472e+01    1.062e-01
   60    1804    8.544244e+02    0.000e+00    2.588e+01    6.474e-02

                                            First-order      Norm of
 Iter F-count            f(x)  Feasibility   optimality         step
   61    1832    8.542761e+02    0.000e+00    1.205e+01    4.885e-02
   62    1860    8.540960e+02    0.000e+00    1.448e+01    9.298e-02
   63    1888    8.539968e+02    0.000e+00    1.649e+01    5.122e-02
   64    1916    8.539405e+02    0.000e+00    9.948e+00    2.649e-02
   65    1944    8.538610e+02    0.000e+00    5.753e+00    2.417e-02
   66    1972    8.536227e+02    0.000e+00    1.662e+01    8.764e-02
   67    2000    8.534131e+02    0.000e+00    1.652e+01    7.358e-02
   68    2028    8.531414e+02    0.000e+00    1.465e+01    1.092e-01
   69    2056    8.529818e+02    0.000e+00    1.206e+01    8.262e-02
   70    2084    8.529155e+02    0.000e+00    7.285e+00    7.692e-02
   71    2112    8.528367e+02    0.000e+00    5.256e+00    2.992e-02
   72    2140    8.528113e+02    0.000e+00    5.623e+00    1.926e-02
   73    2168    8.527951e+02    0.000e+00    1.721e+00    2.823e-02
   74    2196    8.527909e+02    0.000e+00    2.396e+00    1.462e-02
   75    2224    8.527904e+02    0.000e+00    1.517e+00    9.169e-03
   76    2252    8.527895e+02    0.000e+00    1.288e+00    7.749e-03
   77    2280    8.527893e+02    0.000e+00    1.319e+00    6.534e-03
   78    2308    8.527878e+02    0.000e+00    1.349e+00    4.961e-03
   79    2336    8.527860e+02    0.000e+00    1.367e+00    5.681e-03
   80    2364    8.527832e+02    0.000e+00    1.362e+00    4.538e-03
   81    2392    8.527795e+02    0.000e+00    1.671e+00    6.792e-03
   82    2420    8.527739e+02    0.000e+00    2.794e+00    9.957e-03
   83    2448    8.527658e+02    0.000e+00    5.190e+00    1.811e-02
   84    2476    8.527551e+02    0.000e+00    7.684e+00    2.938e-02
   85    2504    8.527449e+02    0.000e+00    8.335e+00    3.774e-02
   86    2532    8.527389e+02    0.000e+00    5.917e+00    3.453e-02
   87    2560    8.527373e+02    0.000e+00    2.517e+00    2.451e-02
   88    2588    8.527366e+02    0.000e+00    6.878e-01    1.313e-02
   89    2616    8.527350e+02    0.000e+00    7.743e-01    8.405e-03
   90    2644    8.527323e+02    0.000e+00    9.298e-01    6.088e-03

                                            First-order      Norm of
 Iter F-count            f(x)  Feasibility   optimality         step
   91    2672    8.527303e+02    0.000e+00    7.659e-01    3.464e-03
   92    2700    8.527291e+02    0.000e+00    6.898e-01    1.839e-03
   93    2728    8.527276e+02    0.000e+00    6.895e-01    2.329e-03
   94    2756    8.527253e+02    0.000e+00    1.029e+00    3.612e-03
   95    2784    8.527212e+02    0.000e+00    1.802e+00    6.852e-03
   96    2812    8.527143e+02    0.000e+00    2.520e+00    1.370e-02
   97    2840    8.527047e+02    0.000e+00    2.649e+00    2.510e-02
   98    2868    8.526970e+02    0.000e+00    1.604e+00    3.126e-02
   99    2896    8.526956e+02    0.000e+00    6.698e-01    1.517e-02
  100    2924    8.526967e+02    0.000e+00    4.543e-01    3.799e-03
  101    2952    8.526970e+02    0.000e+00    1.944e-01    1.801e-03
  102    2980    8.526875e+02    0.000e+00    8.310e-01    2.455e-02
  103    3008    8.526868e+02    0.000e+00    2.755e-01    2.745e-03
  104    3036    8.526868e+02    0.000e+00    5.333e-02    1.085e-03
  105    3064    8.526868e+02    0.000e+00    2.000e-02    3.251e-04
  106    3092    8.526864e+02    0.000e+00    5.361e-02    5.545e-03
  107    3120    8.526864e+02    0.000e+00    1.869e-02    3.625e-04
  108    3148    8.526864e+02    0.000e+00    4.613e-03    1.118e-04
  109    3176    8.526864e+02    0.000e+00    4.000e-03    3.253e-05
  110    3204    8.526864e+02    0.000e+00    4.657e-03    1.022e-03
  111    3232    8.526864e+02    0.000e+00    8.000e-04    3.006e-05
  112    3260    8.526864e+02    0.000e+00    3.880e-04    2.575e-04
  113    3288    8.526864e+02    0.000e+00    1.587e-04    3.141e-06
  114    3317    8.526864e+02    0.000e+00    1.037e-04    1.290e-06

<a href = "matlab: helpview('optim','local_min_poss_with_constr','CSHelpWindow');">Local minimum possible. Constraints satisfied</a>.

fmincon stopped because the <a href = "matlab: helpview('optim','norm_curr_step_simple_fminconip','CSHelpWindow');">size of the current step</a> is less than
the value of the <a href = "matlab: helpview('optim','step_size_tol','CSHelpWindow');">step size tolerance</a> and constraints are 
satisfied to within the value of the <a href = "matlab: helpview('optim','constraint_tolerance','CSHelpWindow');">constraint tolerance</a>.

<<a href = "matlab: createExitMsg({'optimlib:sqpLineSearch:Exit2basic','fmincon'},{'optimlib:sqpLineSearch:Exit2detailed','1.000000e-06','0.000000e+00','1.000000e-06'},true,true);;">stopping criteria details</a>>

Final value of minus the log posterior (or likelihood):852.686361 

RESULTS FROM POSTERIOR ESTIMATION
parameters
          prior mean     mode    s.d.  prior pstdev

alpha         0.5000   0.8743  0.0397   beta 0.2000 
eta           1.5000   0.9200  0.4092   gamm 1.0000 
theta_h       0.5000   0.0402  0.0248   beta 0.2000 
theta_f       0.5000   0.7963  0.0970   beta 0.2000 
phi           1.5000   0.2070  0.1886   gamm 1.0000 
sigma         1.5000   0.1906  0.0980   gamm 1.0000 
h             0.5000   0.6352  0.1155   beta 0.2000 
delta_h       0.5000   0.3588  0.2606   beta 0.2000 
delta_f       0.5000   0.5448  0.2109   beta 0.2000 
psi_r         0.5000   0.8067  0.0579   beta 0.2000 
psi_pi        1.5000   1.8805  0.4298   norm 0.5000 
psi_y         0.2500   0.2137  0.0822   norm 0.1000 
psi_de        0.2000   0.2000  0.1000   norm 0.1000 
rho_a         0.5000   0.7588  0.0588   beta 0.2000 
rho_s         0.5000   0.5062  0.2755   beta 0.2000 
rho_q         0.5000   0.8780  0.0480   beta 0.2000 
rho_r         0.5000   0.4339  0.1501   beta 0.2000 
c1            0.5000   0.9317  0.0190   beta 0.2000 
b1            0.5000   0.9379  0.0231   beta 0.2000 
a1            0.5000   0.2512  0.0830   beta 0.2000 

standard deviation of shocks
          prior mean     mode    s.d.  prior pstdev

e_r           1.0000   0.3257  0.0732   invg    Inf 
e_q           1.0000   0.4349  0.1009   invg    Inf 
e_a           1.0000   0.6814  0.2456   invg    Inf 
e_s           1.0000   0.4628  0.1908   invg    Inf 
e_y_star      1.0000   0.5459  0.0382   invg    Inf 
e_pi_star     1.0000   0.3744  0.0261   invg    Inf 
e_r_star      1.0000   0.1866  0.0135   invg    Inf 


Log data density [Laplace approximation] is -903.841752.


MODEL SUMMARY

  Number of variables:         25
  Number of stochastic shocks: 7
  Number of state variables:   14
  Number of jumpers:           5
  Number of static variables:  10


MATRIX OF COVARIANCE OF EXOGENOUS SHOCKS
Variables          e_q        e_r        e_a        e_s   e_y_star  e_pi_star   e_r_star
e_q           0.189105   0.000000   0.000000   0.000000   0.000000   0.000000   0.000000
e_r           0.000000   0.106101   0.000000   0.000000   0.000000   0.000000   0.000000
e_a           0.000000   0.000000   0.464267   0.000000   0.000000   0.000000   0.000000
e_s           0.000000   0.000000   0.000000   0.214214   0.000000   0.000000   0.000000
e_y_star      0.000000   0.000000   0.000000   0.000000   0.298029   0.000000   0.000000
e_pi_star     0.000000   0.000000   0.000000   0.000000   0.000000   0.140192   0.000000
e_r_star      0.000000   0.000000   0.000000   0.000000   0.000000   0.000000   0.034831

POLICY AND TRANSITION FUNCTIONS
                                   y               c               s               q               r              pi            pi_h            pi_f           eps_a           eps_r           eps_q           eps_s               e              de          y_star          r_star         pi_star           y_obs         yst_obs           r_obs          pi_obs           q_obs           s_obs         pif_obs         rst_obs
c(-1)                       0.065034        0.601474        0.004503       -0.017650        0.001474       -0.003336       -0.007273       -0.002770               0               0               0               0       -0.020986       -0.020986               0               0               0        0.065034               0        0.005896       -0.013344       -0.017650        0.004503               0               0
s(-1)                       0.022361       -0.219409        0.176762       -0.114672        0.032552        0.087016        0.806768       -0.016470               0               0               0               0       -0.027656       -0.027656               0               0               0        0.022361               0        0.130209        0.348062       -0.114672        0.176762               0               0
r(-1)                      -0.345786       -3.959941        2.258599       -2.069626        0.587063       -0.565002       -2.539683       -0.281084               0               0               0               0       -2.634629       -2.634629               0               0               0       -0.345786               0        2.348253       -2.260009       -2.069626        2.258599               0               0
eps_a(-1)                   0.650781       -0.174562        0.927589       -0.091233       -0.032196       -0.162537       -0.973523       -0.045934        0.758808               0               0               0       -0.253770       -0.253770               0               0               0        0.650781               0       -0.128782       -0.650147       -0.091233        0.927589               0               0
eps_r(-1)                  -0.290183       -3.397843        1.946106       -1.775851        0.230682       -0.526181       -2.227650       -0.281544               0        0.433926               0               0       -2.302032       -2.302032               0               0               0       -0.290183               0        0.922728       -2.104723       -1.775851        1.946106               0               0
eps_q(-1)                  -0.460894       -5.323355        3.041145       -2.782202       -0.323083       -0.836476       -3.495332       -0.454187               0               0        0.878011               0       -3.618678       -3.618678               0               0               0       -0.460894               0       -1.292331       -3.345904       -2.782202        3.041145               0               0
eps_s(-1)                   0.004208       -0.114286        0.082823       -0.059731        0.014411        0.039169        0.409315       -0.014051               0               0               0        0.506188       -0.020562       -0.020562               0               0               0        0.004208               0        0.057644        0.156675       -0.059731        0.082823               0               0
e(-1)                              0               0               0               0               0               0               0               0               0               0               0               0        1.000000               0               0               0               0               0               0               0               0               0               0               0               0
y_star(-1)                  0.552117       -0.410790        0.104006       -0.372899       -0.014459       -0.102526       -0.193458       -0.089452               0               0               0               0       -0.475425       -0.475425        0.937945               0               0        0.552117        0.937945       -0.057834       -0.410104       -0.372899        0.104006               0               0
r_star(-1)                  0.586689        6.806853       -3.891933        3.557539        0.450950        1.173966        4.576661        0.684728               0               0               0               0        4.731504        4.731504               0        0.931702               0        0.586689               0        1.803801        4.695863        3.557539       -3.891933               0        3.726810
q(-1)                              0               0               0               0               0               0               0               0               0               0               0               0       -1.000000       -1.000000               0               0               0               0               0               0               0               0               0               0               0
pi_h(-1)                   -0.011151       -0.000825       -0.013304       -0.000431        0.000221        0.001875        0.013506        0.000202               0               0               0               0        0.001443        0.001443               0               0               0       -0.011151               0        0.000883        0.007498       -0.000431       -0.013304               0               0
pi_f(-1)                   -0.064767       -0.983449        0.587165       -0.513991        0.123171        0.346227       -0.167128        0.420037               0               0               0               0       -0.167764       -0.167764               0               0               0       -0.064767               0        0.492686        1.384908       -0.513991        0.587165               0               0
pi_star(-1)                -0.011524       -0.120510        0.067489       -0.062983       -0.004899       -0.012169       -0.071174       -0.003685               0               0               0               0       -0.326332       -0.326332               0               0        0.251180       -0.011524               0       -0.019597       -0.048675       -0.062983        0.067489        1.004720               0
e_q                        -0.524930       -6.062971        3.463676       -3.168756       -0.367971       -0.952695       -3.980967       -0.517291               0               0        1.000000               0       -4.121450       -4.121450               0               0               0       -0.524930               0       -1.471885       -3.810778       -3.168756        3.463676               0               0
e_r                        -0.668738       -7.830466        4.484880       -4.092520        0.531616       -1.212604       -5.133710       -0.648830               0        1.000000               0               0       -5.305124       -5.305124               0               0               0       -0.668738               0        2.126464       -4.850418       -4.092520        4.484880               0               0
e_a                         0.857636       -0.230047        1.222429       -0.120232       -0.042429       -0.214200       -1.282963       -0.060534        1.000000               0               0               0       -0.334432       -0.334432               0               0               0        0.857636               0       -0.169717       -0.856801       -0.120232        1.222429               0               0
e_s                         0.008312       -0.225778        0.163620       -0.118001        0.028469        0.077380        0.808622       -0.027758               0               0               0        1.000000       -0.040621       -0.040621               0               0               0        0.008312               0        0.113878        0.309519       -0.118001        0.163620               0               0
e_y_star                    0.405820        0.184639       -0.185140       -0.426141       -0.008853       -0.070479        0.091388       -0.093752               0               0               0               0       -0.496619       -0.496619        1.000000               0               0        0.405820        1.000000       -0.035413       -0.281914       -0.426141       -0.185140               0               0
e_pi_star                  -0.045881       -0.479775        0.268689       -0.250750       -0.019505       -0.048446       -0.283360       -0.014671               0               0               0               0       -1.299196       -1.299196               0               0        1.000000       -0.045881               0       -0.078019       -0.193786       -0.250750        0.268689        4.000000               0
e_r_star                    0.629696        7.305824       -4.177228        3.818321        0.484007        1.260022        4.912149        0.734921               0               0               0               0        5.078343        5.078343               0        1.000000               0        0.629696               0        1.936027        5.040089        3.818321       -4.177228               0        4.000000


THEORETICAL MOMENTS
VARIABLE         MEAN  STD. DEV.   VARIANCE
y              0.0000     1.5910     2.5314
c              0.0000    10.1070   102.1506
s              0.0000     3.4275    11.7478
q              0.0000     2.7096     7.3419
r              0.0000     1.0481     1.0985
pi             0.0000     0.8778     0.7705
pi_h           0.0000     2.8109     7.9011
pi_f           0.0000     0.7940     0.6304
eps_a          0.0000     1.0461     1.0944
eps_r          0.0000     0.3615     0.1307
eps_q          0.0000     0.9085     0.8254
eps_s          0.0000     0.5367     0.2880
e                 NaN        NaN        NaN
de             0.0000     2.7819     7.7387
y_star         0.0000     1.5742     2.4782
r_star         0.0000     0.5138     0.2640
pi_star        0.0000     0.3868     0.1496
y_obs          0.0000     1.5910     2.5314
yst_obs        0.0000     1.5742     2.4782
r_obs          0.0000     4.1924    17.5762
pi_obs         0.0000     3.5111    12.3277
q_obs          0.0000     2.7096     7.3419
s_obs          0.0000     3.4275    11.7478
pif_obs        0.0000     1.5473     2.3941
rst_obs        0.0000     2.0553     4.2242



VARIANCE DECOMPOSITION (in percent)
                 e_q        e_r        e_a        e_s   e_y_star  e_pi_star   e_r_star
y              13.14      13.56      33.06       0.04      36.38       0.02       3.81
c              42.69      44.22       0.31       0.14       0.21       0.06      12.37
s              36.14      37.13      15.55       0.13       0.81       0.09      10.15
q              42.61      43.46       0.25       0.12       1.55       0.12      11.88
r              53.26       9.39       0.14       0.06       1.51       0.01      35.64
pi             39.62      31.70       3.34       0.19       4.72       0.05      20.37
pi_h           38.77      36.48      10.14       2.67       0.69       0.22      11.03
pi_f           39.75      29.34       1.97       0.15       5.79       0.01      23.00
eps_a           0.00       0.00     100.00       0.00       0.00       0.00       0.00
eps_r           0.00     100.00       0.00       0.00       0.00       0.00       0.00
eps_q         100.00       0.00       0.00       0.00       0.00       0.00       0.00
eps_s           0.00       0.00       0.00     100.00       0.00       0.00       0.00
de             43.02      39.92       0.69       0.01       1.16       3.06      12.13
y_star          0.00       0.00       0.00       0.00     100.00       0.00       0.00
r_star          0.00       0.00       0.00       0.00       0.00       0.00     100.00
pi_star         0.00       0.00       0.00       0.00       0.00     100.00       0.00
y_obs          13.14      13.56      33.06       0.04      36.38       0.02       3.81
yst_obs         0.00       0.00       0.00       0.00     100.00       0.00       0.00
r_obs          53.26       9.39       0.14       0.06       1.51       0.01      35.64
pi_obs         39.62      31.70       3.34       0.19       4.72       0.05      20.37
q_obs          42.61      43.46       0.25       0.12       1.55       0.12      11.88
s_obs          36.14      37.13      15.55       0.13       0.81       0.09      10.15
pif_obs         0.00       0.00       0.00       0.00       0.00     100.00       0.00
rst_obs         0.00       0.00       0.00       0.00       0.00       0.00     100.00



MATRIX OF CORRELATIONS
Variables          y        c        s        q        r       pi     pi_h     pi_f    eps_a    eps_r    eps_q    eps_s       de   y_star   r_star  pi_star    y_obs  yst_obs    r_obs   pi_obs    q_obs    s_obs  pif_obs  rst_obs
y             1.0000   0.5345  -0.2489   0.3554   0.1225   0.2320   0.0122   0.2872   0.5747  -0.2348  -0.3454  -0.0049   0.0616   0.5984   0.1737  -0.0123   1.0000   0.5984   0.1225   0.2320   0.3554  -0.2489  -0.0123   0.1737
c             0.5345   1.0000  -0.8211   0.8315   0.3588   0.8350   0.2496   0.9288  -0.0494  -0.4458  -0.6188  -0.0237   0.2440   0.0229   0.3090  -0.0212   0.5345   0.0229   0.3588   0.8350   0.8315  -0.8211  -0.0212   0.3090
s            -0.2489  -0.8211   1.0000  -0.9164  -0.1779  -0.8798  -0.5784  -0.8181   0.3939   0.5676   0.5076   0.0328  -0.5488  -0.0817  -0.2365   0.0301  -0.2489  -0.0817  -0.1779  -0.8798  -0.9164   1.0000   0.0301  -0.2365
q             0.3554   0.8315  -0.9164   1.0000   0.1766   0.9304   0.6337   0.8539  -0.0499  -0.6295  -0.5335  -0.0313   0.6434  -0.1047   0.2459  -0.0347   0.3554  -0.1047   0.1766   0.9304   1.0000  -0.9164  -0.0347   0.2459
r             0.1225   0.3588  -0.1779   0.1766   1.0000   0.4252   0.0634   0.5055  -0.0368   0.2543  -0.6792   0.0211   0.0585  -0.1130   0.5707  -0.0078   0.1225  -0.1130   1.0000   0.4252   0.1766  -0.1779  -0.0078   0.5707
pi            0.2320   0.8350  -0.8798   0.9304   0.4252   1.0000   0.6665   0.9252  -0.1653  -0.5418  -0.5797   0.0420   0.6355  -0.2136   0.4299  -0.0179   0.2320  -0.2136   0.4252   1.0000   0.9304  -0.8798  -0.0179   0.4299
pi_h          0.0122   0.2496  -0.5784   0.6337   0.0634   0.6665   1.0000   0.3338  -0.1529  -0.5118  -0.2471   0.1628   0.9350  -0.0613   0.1515  -0.0296   0.0122  -0.0613   0.0634   0.6665   0.6337  -0.5784  -0.0296   0.1515
pi_f          0.2872   0.9288  -0.8181   0.8539   0.5055   0.9252   0.3338   1.0000  -0.1312  -0.4246  -0.6073  -0.0297   0.3276  -0.2388   0.4665  -0.0076   0.2872  -0.2388   0.5055   0.9252   0.8539  -0.8181  -0.0076   0.4665
eps_a         0.5747  -0.0494   0.3939  -0.0499  -0.0368  -0.1653  -0.1529  -0.1312   1.0000   0.0000   0.0000   0.0000  -0.0639   0.0000   0.0000   0.0000   0.5747   0.0000  -0.0368  -0.1653  -0.0499   0.3939   0.0000   0.0000
eps_r        -0.2348  -0.4458   0.5676  -0.6295   0.2543  -0.5418  -0.5118  -0.4246   0.0000   1.0000   0.0000   0.0000  -0.5181   0.0000   0.0000   0.0000  -0.2348   0.0000   0.2543  -0.5418  -0.6295   0.5676   0.0000   0.0000
eps_q        -0.3454  -0.6188   0.5076  -0.5335  -0.6792  -0.5797  -0.2471  -0.6073   0.0000   0.0000   1.0000   0.0000  -0.2463   0.0000   0.0000   0.0000  -0.3454   0.0000  -0.6792  -0.5797  -0.5335   0.5076   0.0000   0.0000
eps_s        -0.0049  -0.0237   0.0328  -0.0313   0.0211   0.0420   0.1628  -0.0297   0.0000   0.0000   0.0000   1.0000  -0.0018   0.0000   0.0000   0.0000  -0.0049   0.0000   0.0211   0.0420  -0.0313   0.0328   0.0000   0.0000
de            0.0616   0.2440  -0.5488   0.6434   0.0585   0.6355   0.9350   0.3276  -0.0639  -0.5181  -0.2463  -0.0018   1.0000  -0.0737   0.1520  -0.1700   0.0616  -0.0737   0.0585   0.6355   0.6434  -0.5488  -0.1700   0.1520
y_star        0.5984   0.0229  -0.0817  -0.1047  -0.1130  -0.2136  -0.0613  -0.2388   0.0000   0.0000   0.0000   0.0000  -0.0737   1.0000   0.0000   0.0000   0.5984   1.0000  -0.1130  -0.2136  -0.1047  -0.0817   0.0000   0.0000
r_star        0.1737   0.3090  -0.2365   0.2459   0.5707   0.4299   0.1515   0.4665   0.0000   0.0000   0.0000   0.0000   0.1520   0.0000   1.0000   0.0000   0.1737   0.0000   0.5707   0.4299   0.2459  -0.2365   0.0000   1.0000
pi_star      -0.0123  -0.0212   0.0301  -0.0347  -0.0078  -0.0179  -0.0296  -0.0076   0.0000   0.0000   0.0000   0.0000  -0.1700   0.0000   0.0000   1.0000  -0.0123   0.0000  -0.0078  -0.0179  -0.0347   0.0301   1.0000   0.0000
y_obs         1.0000   0.5345  -0.2489   0.3554   0.1225   0.2320   0.0122   0.2872   0.5747  -0.2348  -0.3454  -0.0049   0.0616   0.5984   0.1737  -0.0123   1.0000   0.5984   0.1225   0.2320   0.3554  -0.2489  -0.0123   0.1737
yst_obs       0.5984   0.0229  -0.0817  -0.1047  -0.1130  -0.2136  -0.0613  -0.2388   0.0000   0.0000   0.0000   0.0000  -0.0737   1.0000   0.0000   0.0000   0.5984   1.0000  -0.1130  -0.2136  -0.1047  -0.0817   0.0000   0.0000
r_obs         0.1225   0.3588  -0.1779   0.1766   1.0000   0.4252   0.0634   0.5055  -0.0368   0.2543  -0.6792   0.0211   0.0585  -0.1130   0.5707  -0.0078   0.1225  -0.1130   1.0000   0.4252   0.1766  -0.1779  -0.0078   0.5707
pi_obs        0.2320   0.8350  -0.8798   0.9304   0.4252   1.0000   0.6665   0.9252  -0.1653  -0.5418  -0.5797   0.0420   0.6355  -0.2136   0.4299  -0.0179   0.2320  -0.2136   0.4252   1.0000   0.9304  -0.8798  -0.0179   0.4299
q_obs         0.3554   0.8315  -0.9164   1.0000   0.1766   0.9304   0.6337   0.8539  -0.0499  -0.6295  -0.5335  -0.0313   0.6434  -0.1047   0.2459  -0.0347   0.3554  -0.1047   0.1766   0.9304   1.0000  -0.9164  -0.0347   0.2459
s_obs        -0.2489  -0.8211   1.0000  -0.9164  -0.1779  -0.8798  -0.5784  -0.8181   0.3939   0.5676   0.5076   0.0328  -0.5488  -0.0817  -0.2365   0.0301  -0.2489  -0.0817  -0.1779  -0.8798  -0.9164   1.0000   0.0301  -0.2365
pif_obs      -0.0123  -0.0212   0.0301  -0.0347  -0.0078  -0.0179  -0.0296  -0.0076   0.0000   0.0000   0.0000   0.0000  -0.1700   0.0000   0.0000   1.0000  -0.0123   0.0000  -0.0078  -0.0179  -0.0347   0.0301   1.0000   0.0000
rst_obs       0.1737   0.3090  -0.2365   0.2459   0.5707   0.4299   0.1515   0.4665   0.0000   0.0000   0.0000   0.0000   0.1520   0.0000   1.0000   0.0000   0.1737   0.0000   0.5707   0.4299   0.2459  -0.2365   0.0000   1.0000



COEFFICIENTS OF AUTOCORRELATION
Order            1        2        3        4        5
y           0.8835   0.7550   0.6358   0.5350   0.4537
c           0.9004   0.7261   0.5461   0.3923   0.2739
s           0.7100   0.4576   0.2867   0.1778   0.1118
q           0.6458   0.3884   0.2189   0.1177   0.0621
r           0.9609   0.8936   0.8177   0.7422   0.6712
pi          0.6630   0.5364   0.4281   0.3366   0.2679
pi_h       -0.0103  -0.0751  -0.0471  -0.0245  -0.0081
pi_f        0.8855   0.7103   0.5472   0.4194   0.3277
eps_a       0.7588   0.5758   0.4369   0.3315   0.2516
eps_r       0.4339   0.1883   0.0817   0.0355   0.0154
eps_q       0.8780   0.7709   0.6769   0.5943   0.5218
eps_s       0.5062   0.2562   0.1297   0.0657   0.0332
de         -0.0865  -0.0682  -0.0410  -0.0171  -0.0006
y_star      0.9379   0.8797   0.8251   0.7739   0.7259
r_star      0.9317   0.8681   0.8088   0.7535   0.7021
pi_star     0.2512   0.0631   0.0158   0.0040   0.0010
y_obs       0.8835   0.7550   0.6358   0.5350   0.4537
yst_obs     0.9379   0.8797   0.8251   0.7739   0.7259
r_obs       0.9609   0.8936   0.8177   0.7422   0.6712
pi_obs      0.6630   0.5364   0.4281   0.3366   0.2679
q_obs       0.6458   0.3884   0.2189   0.1177   0.0621
s_obs       0.7100   0.4576   0.2867   0.1778   0.1118
pif_obs     0.2512   0.0631   0.0158   0.0040   0.0010
rst_obs     0.9317   0.8681   0.8088   0.7535   0.7021
[Warning: Exported image displays axes toolbar. To remove axes toolbar from image, export again.] 
Total computing time : 0h01m15s
Note: warning(s) encountered in MATLAB/Octave code
