% 03-Oct-2025 11:42:17, created by disp_th_moments.m 
 
\begin{center}
\begin{longtable}{lcccccccc} 
\caption{MATRIX OF CORRELATIONS}\\
 \label{Table:th_corr_matrix}\\
\toprule 
$Variables  $	 & 	 $         y$	 & 	 $         c$	 & 	 $      inve$	 & 	 $      pinf$	 & 	 $         r$	 & 	 $         w$	 & 	 $         k$	 & 	 $       lab$\\
\midrule \endfirsthead 
\caption{(continued)}\\
 \toprule \\ 
$Variables  $	 & 	 $         y$	 & 	 $         c$	 & 	 $      inve$	 & 	 $      pinf$	 & 	 $         r$	 & 	 $         w$	 & 	 $         k$	 & 	 $       lab$\\
\midrule \endhead 
\midrule \multicolumn{9}{r}{(Continued on next page)} \\ \bottomrule \endfoot 
\bottomrule \endlastfoot 
$y          $	 & 	    1.0000	 & 	    0.8943	 & 	    0.9095	 & 	    0.7390	 & 	    0.7291	 & 	    0.7359	 & 	    0.9486	 & 	    0.7489 \\ 
$c          $	 & 	    0.8943	 & 	    1.0000	 & 	    0.9014	 & 	    0.6414	 & 	    0.6571	 & 	    0.7701	 & 	    0.9095	 & 	    0.5834 \\ 
$inve       $	 & 	    0.9095	 & 	    0.9014	 & 	    1.0000	 & 	    0.7504	 & 	    0.7098	 & 	    0.6672	 & 	    0.9512	 & 	    0.7092 \\ 
$pinf       $	 & 	    0.7390	 & 	    0.6414	 & 	    0.7504	 & 	    1.0000	 & 	    0.9161	 & 	    0.1665	 & 	    0.6314	 & 	    0.9514 \\ 
$r          $	 & 	    0.7291	 & 	    0.6571	 & 	    0.7098	 & 	    0.9161	 & 	    1.0000	 & 	    0.1666	 & 	    0.6153	 & 	    0.9198 \\ 
$w          $	 & 	    0.7359	 & 	    0.7701	 & 	    0.6672	 & 	    0.1665	 & 	    0.1666	 & 	    1.0000	 & 	    0.8038	 & 	    0.1090 \\ 
$k          $	 & 	    0.9486	 & 	    0.9095	 & 	    0.9512	 & 	    0.6314	 & 	    0.6153	 & 	    0.8038	 & 	    1.0000	 & 	    0.6239 \\ 
$lab        $	 & 	    0.7489	 & 	    0.5834	 & 	    0.7092	 & 	    0.9514	 & 	    0.9198	 & 	    0.1090	 & 	    0.6239	 & 	    1.0000 \\ 
\end{longtable}
 \end{center}
% End of TeX file.
