% 12-Oct-2025 14:09:00, created by disp_th_moments.m 
 
\begin{center}
\begin{longtable}{lcccccccc} 
\caption{MATRIX OF CORRELATIONS}\\
 \label{Table:th_corr_matrix}\\
\toprule 
$Variables  $	 & 	 $        {y}$	 & 	 $        {c}$	 & 	 $        {i}$	 & 	 $     {\pi}$	 & 	 $        {r}$	 & 	 $        {w}$	 & 	 $    {k^{s}}$	 & 	 $        {l}$\\
\midrule \endfirsthead 
\caption{(continued)}\\
 \toprule \\ 
$Variables  $	 & 	 $        {y}$	 & 	 $        {c}$	 & 	 $        {i}$	 & 	 $     {\pi}$	 & 	 $        {r}$	 & 	 $        {w}$	 & 	 $    {k^{s}}$	 & 	 $        {l}$\\
\midrule \endhead 
\midrule \multicolumn{9}{r}{(Continued on next page)} \\ \bottomrule \endfoot 
\bottomrule \endlastfoot 
${y}        $	 & 	     1.0000	 & 	     0.8979	 & 	     0.8494	 & 	    -0.3020	 & 	    -0.3426	 & 	     0.6420	 & 	     0.7698	 & 	     0.7779 \\ 
${c}        $	 & 	     0.8979	 & 	     1.0000	 & 	     0.7399	 & 	    -0.4258	 & 	    -0.5340	 & 	     0.5947	 & 	     0.8373	 & 	     0.6844 \\ 
${i}        $	 & 	     0.8494	 & 	     0.7399	 & 	     1.0000	 & 	    -0.1319	 & 	    -0.0801	 & 	     0.6127	 & 	     0.6613	 & 	     0.6649 \\ 
${\pi}      $	 & 	    -0.3020	 & 	    -0.4258	 & 	    -0.1319	 & 	     1.0000	 & 	     0.6697	 & 	    -0.2000	 & 	    -0.2839	 & 	    -0.2201 \\ 
${r}        $	 & 	    -0.3426	 & 	    -0.5340	 & 	    -0.0801	 & 	     0.6697	 & 	     1.0000	 & 	    -0.3028	 & 	    -0.3429	 & 	    -0.1892 \\ 
${w}        $	 & 	     0.6420	 & 	     0.5947	 & 	     0.6127	 & 	    -0.2000	 & 	    -0.3028	 & 	     1.0000	 & 	     0.7477	 & 	     0.2077 \\ 
${k^{s}}    $	 & 	     0.7698	 & 	     0.8373	 & 	     0.6613	 & 	    -0.2839	 & 	    -0.3429	 & 	     0.7477	 & 	     1.0000	 & 	     0.3966 \\ 
${l}        $	 & 	     0.7779	 & 	     0.6844	 & 	     0.6649	 & 	    -0.2201	 & 	    -0.1892	 & 	     0.2077	 & 	     0.3966	 & 	     1.0000 \\ 
\end{longtable}
 \end{center}
% End of TeX file.
