% 02-Nov-2025 00:20:05, created by disp_th_moments.m 
 
\begin{center}
\begin{longtable}{lccccccccc} 
\caption{MATRIX OF CORRELATIONS}\\
 \label{Table:th_corr_matrix}\\
\toprule 
$Variables   $	 & 	 $           {y}$	 & 	 $           {c}$	 & 	 $           {i}$	 & 	 $        {\pi}$	 & 	 $      {\pi_H}$	 & 	 $      {\pi_F}$	 & 	 $   {\Delta e}$	 & 	 $         {nfa}$	 & 	 $          {mc}$\\
\midrule \endfirsthead 
\caption{(continued)}\\
 \toprule \\ 
$Variables   $	 & 	 $           {y}$	 & 	 $           {c}$	 & 	 $           {i}$	 & 	 $        {\pi}$	 & 	 $      {\pi_H}$	 & 	 $      {\pi_F}$	 & 	 $   {\Delta e}$	 & 	 $         {nfa}$	 & 	 $          {mc}$\\
\midrule \endhead 
\midrule \multicolumn{10}{r}{(Continued on next page)} \\ \bottomrule \endfoot 
\bottomrule \endlastfoot 
${y}         $	 & 	        1.0000	 & 	        0.4914	 & 	       -0.0454	 & 	        0.0268	 & 	        0.0384	 & 	       -0.0210	 & 	        0.0609	 & 	       -0.0233	 & 	        0.0090 \\ 
${c}         $	 & 	        0.4914	 & 	        1.0000	 & 	       -0.1700	 & 	       -0.0578	 & 	        0.0746	 & 	       -0.2465	 & 	       -0.0557	 & 	        0.1735	 & 	        0.2185 \\ 
${i}         $	 & 	       -0.0454	 & 	       -0.1700	 & 	        1.0000	 & 	        0.5737	 & 	        0.4557	 & 	        0.2274	 & 	        0.0903	 & 	       -0.0714	 & 	        0.0619 \\ 
${\pi}       $	 & 	        0.0268	 & 	       -0.0578	 & 	        0.5737	 & 	        1.0000	 & 	        0.8558	 & 	        0.2820	 & 	       -0.1295	 & 	       -0.0432	 & 	        0.7299 \\ 
${\pi_H}     $	 & 	        0.0384	 & 	        0.0746	 & 	        0.4557	 & 	        0.8558	 & 	        1.0000	 & 	       -0.2549	 & 	       -0.2322	 & 	        0.0662	 & 	        0.8799 \\ 
${\pi_F}     $	 & 	       -0.0210	 & 	       -0.2465	 & 	        0.2274	 & 	        0.2820	 & 	       -0.2549	 & 	        1.0000	 & 	        0.1886	 & 	       -0.2035	 & 	       -0.2677 \\ 
${\Delta e}  $	 & 	        0.0609	 & 	       -0.0557	 & 	        0.0903	 & 	       -0.1295	 & 	       -0.2322	 & 	        0.1886	 & 	        1.0000	 & 	       -0.0805	 & 	       -0.2011 \\ 
${nfa}       $	 & 	       -0.0233	 & 	        0.1735	 & 	       -0.0714	 & 	       -0.0432	 & 	        0.0662	 & 	       -0.2035	 & 	       -0.0805	 & 	        1.0000	 & 	        0.0048 \\ 
${mc}        $	 & 	        0.0090	 & 	        0.2185	 & 	        0.0619	 & 	        0.7299	 & 	        0.8799	 & 	       -0.2677	 & 	       -0.2011	 & 	        0.0048	 & 	        1.0000 \\ 
\end{longtable}
 \end{center}
% End of TeX file.
